G1501#49600270#49600280	49600270	49600280	0	8.224	119.13138	26.10974	119.20692	26.11639	49600270	49600130	49600134	49600138	49600142	49600146	49600150	49600151	14157236	14157237	49600280
G1501#49600237#49600284	49600237	49600284	0	3.474	119.20692	26.11639	119.24133	26.11371	49600237	49600283	49600284
G1501#49600240#1225189	49600240	1225189	0	2.2230000000000003	119.24133	26.11371	119.26289	26.11738	49600240	49379679	49600594	49600595	1197950	1225188	1225189
G1501#49507488#1191998	49507488	1191998	0	5.038	119.26289	26.11738	119.30269	26.14113	49507488	87788151	87788152	1225191	1225187	1193525	12511909	12511910	1190415	1190427	1191995	1191998
G1501#1190457#14157230	1190457	14157230	0	10.782	119.30269	26.14113	119.35656	26.22172	1190457	1196540	1196543	14726711	14726712	1175004	1031342	1031350	1032746	1032742	1031355	1031337	1031332	1031326	14157231	14157230
G1501#1032786#876951	1032786	876951	0	5.407	119.35656	26.22172	119.40596	26.2361	1032786	49429995	49429997	49429996	14726716	14726715	1031324	1031318	1031309	1031304	1032740	49430291	49430290	876959	876958	876956	878459	878458	876964	876954	878468	878467	49429980	49429979	876967	876951
G1501#49429976#1231984	49429976	1231984	0	14.045000000000003	119.40596	26.2361	119.529	26.28279	49429976	49429975	878470	878469	876973	876972	876950	876974	876980	876979	876948	878455	14726720	14726719	49321115	49321116	1553416	1553413	1553411	12511919	12511920	1553407	1553406	1553404	1553401	1231979	1231980	1231983	1231984
G1501#1231976#876969	1231976	876969	1	13.553999999999997	119.52941	26.28497	119.41227	26.23698	1231976	14726722	14726721	1231982	1231981	1553402	1553403	1553405	1553408	12511918	12511917	1553412	49321118	49321117	1553418	1553417	878452	878453	876947	876981	14726717	14726718	876975	876949	876970	876971	876969
G1501#878471#1032792	878471	1032792	1	6.049000000000001	119.41227	26.23698	119.35656	26.22191	878471	878472	49429973	49429974	49429977	49429978	876952	876965	876966	876953	876963	878456	878457	876955	876957	876961	876962	1031297	1031300	1031307	1031315	1031321	1032822	49429991	49429992	49429990	1032792
G1501#14948487#1192005	14948487	1192005	1	10.107000000000001	119.35656	26.22191	119.31069	26.14488	14948487	14948488	1031330	1031335	1031340	1031358	1032749	14726713	14726714	12511915	12511916	1175002	1192007	1192005
G1501#1190452#49489281	1190452	49489281	1	4.38	119.31069	26.14488	119.27573	26.12512	1190452	1196547	1196545	1190465	1190461	1190420	14726710	14726709	12511908	12511907	1193521	1193520	1225195	49489281
G1501#49507484#49379677	49507484	49379677	1	2.7479999999999993	119.27573	26.12512	119.25147	26.11522	49507484	49507506	49507507	49489282	1225192	1197945	1197941	49379677
G1501#49600593#49600281	49600593	49600281	1	4.6259999999999994	119.25147	26.11522	119.20562	26.1165	49600593	87788592	87788591	49600286	49600285	49600282	49600281
G1501#49600168#49600132	49600168	49600132	1	6.774	119.20562	26.1165	119.1429	26.11323	49600168	14948446	14948445	49600153	14157273	14157272	49600148	49600144	49600140	49600136	49600132
