49600270	0	1.332	119.13138	26.10974	119.14302	26.1132
49600130	0	2.03	119.14302	26.1132	119.16015	26.12304
49600134	0	0.152	119.16015	26.12304	119.16157	26.12353
49600138	0	0.722	119.16157	26.12353	119.16874	26.12369
49600142	0	0.518	119.16874	26.12369	119.17389	26.12313
49600146	0	1.326	119.17389	26.12313	119.18618	26.11906
49600150	0	0.419	119.18618	26.11906	119.18993	26.11737
49600151	0	0.307	119.18993	26.11737	119.19277	26.11632
14157236	0	0.072	119.19277	26.11632	119.19347	26.11618
14157237	0	1.216	119.19347	26.11618	119.20562	26.11629
49600280	0	0.13	119.20562	26.11629	119.20692	26.11639
49600237	0	3.248	119.20692	26.11639	119.23907	26.11366
49600283	0	0.103	119.23907	26.11366	119.2401	26.11368
49600284	0	0.123	119.2401	26.11368	119.24133	26.11371
49600240	0	0.875	119.24133	26.11371	119.25	26.1148
49379679	0	0.036	119.25	26.1148	119.25036	26.11483
49600594	0	0.115	119.25036	26.11483	119.2515	26.11496
49600595	0	0.401	119.2515	26.11496	119.25551	26.11514
1197950	0	0.506	119.25551	26.11514	119.26044	26.116
1225188	0	0.118	119.26044	26.116	119.26147	26.11651
1225189	0	0.172	119.26147	26.11651	119.26289	26.11738
49507488	0	0.098	119.26289	26.11738	119.26372	26.11782
87788151	0	0.041	119.26372	26.11782	119.26406	26.11803
87788152	0	0.513	119.26406	26.11803	119.26854	26.12024
1225191	0	0.985	119.26854	26.12024	119.2764	26.12523
1225187	0	0.185	119.2764	26.12523	119.27744	26.12661
1193525	0	0.25	119.27744	26.12661	119.27832	26.12872
12511909	0	0.465	119.27832	26.12872	119.28021	26.13253
12511910	0	0.539	119.28021	26.13253	119.28397	26.13596
1190415	0	0.52	119.28397	26.13596	119.28879	26.13766
1190427	0	1.349	119.28879	26.13766	119.30181	26.14087
1191995	0	0.049	119.30181	26.14087	119.30227	26.14101
1191998	0	0.044	119.30227	26.14101	119.30269	26.14113
1190457	0	0.349	119.30269	26.14113	119.30594	26.14227
1196540	0	0.22	119.30594	26.14227	119.30792	26.14314
1196543	0	0.074	119.30792	26.14314	119.30857	26.14346
14726711	0	2.156	119.31083	26.14471	119.32631	26.15793
14726712	0	0.028	119.32631	26.15793	119.32643	26.15816
1175004	0	1.03	119.32643	26.15816	119.33054	26.16667
1031342	0	3.918	119.33054	26.16667	119.34311	26.1999
1031350	0	0.04	119.34311	26.1999	119.34309	26.20026
1032746	0	0.269	119.34309	26.20026	119.34295	26.20268
1032742	0	0.764	119.34295	26.20268	119.34441	26.20936
1031355	0	0.593	119.34441	26.20936	119.3463	26.21443
1031337	0	0.411	119.3463	26.21443	119.3486	26.21746
1031332	0	0.525	119.3486	26.21746	119.35324	26.21965
1031326	0	0.212	119.35324	26.21965	119.35506	26.22062
14157231	0	0.076	119.35506	26.22062	119.35565	26.22105
14157230	0	0.117	119.35565	26.22105	119.35656	26.22172
1032786	0	0.053	119.35656	26.22172	119.35698	26.22201
49429995	0	0.052	119.35698	26.22201	119.3574	26.22228
49429997	0	0.394	119.3574	26.22228	119.36102	26.22367
49429996	0	0.04	119.36102	26.22367	119.36141	26.22377
14726716	0	0.23	119.36141	26.22377	119.36366	26.22424
14726715	0	0.103	119.36366	26.22424	119.36467	26.22444
1031324	0	0.558	119.36467	26.22444	119.37013	26.22549
1031318	0	0.17	119.37013	26.22549	119.37179	26.22581
1031309	0	0.269	119.37179	26.22581	119.37441	26.22637
1031304	0	0.056	119.37441	26.22637	119.37495	26.2265
1032740	0	0.0050	119.37495	26.2265	119.375	26.22651
49430291	0	0.227	119.375	26.22651	119.37713	26.22722
49430290	0	0.4	119.37713	26.22722	119.38084	26.22859
876959	0	0.42	119.38084	26.22859	119.385	26.22891
876958	0	0.371	119.385	26.22891	119.38862	26.22817
876956	0	0.15	119.38862	26.22817	119.39008	26.22786
878459	0	0.203	119.39008	26.22786	119.3921	26.22775
878458	0	0.067	119.3921	26.22775	119.39277	26.22779
876964	0	0.0040	119.39277	26.22779	119.39281	26.2278
876954	0	0.185	119.39281	26.2278	119.39462	26.22815
878468	0	0.017	119.39462	26.22815	119.39478	26.22821
878467	0	0.481	119.39478	26.22821	119.3988	26.23051
49429980	0	0.012	119.3988	26.23051	119.39889	26.23058
49429979	0	0.879	119.39889	26.23058	119.4054	26.23587
876967	0	0.026	119.4054	26.23587	119.40564	26.23597
876951	0	0.035	119.40564	26.23597	119.40596	26.2361
49429976	0	0.074	119.40596	26.2361	119.40666	26.23633
49429975	0	0.255	119.40666	26.23633	119.40916	26.23677
878470	0	0.129	119.40916	26.23677	119.41045	26.23681
878469	0	0.179	119.41045	26.23681	119.41224	26.23682
876973	0	0.177	119.41224	26.23682	119.41401	26.23677
876972	0	0.0090	119.41401	26.23677	119.4141	26.23677
876950	0	2.069	119.4141	26.23677	119.43481	26.23637
876974	0	0.015	119.43481	26.23637	119.43496	26.23638
876980	0	0.551	119.43496	26.23638	119.44037	26.2373
876979	0	0.025	119.44037	26.2373	119.44061	26.23737
876948	0	0.853	119.44061	26.23737	119.44845	26.24041
878455	0	0.045	119.44845	26.24041	119.44886	26.24058
14726720	0	0.639	119.44886	26.24058	119.45424	26.24357
14726719	0	0.812	119.45424	26.24357	119.45808	26.25
49321115	0	0.655	119.45808	26.25	119.46322	26.25352
49321116	0	0.014	119.46322	26.25352	119.46335	26.25356
1553416	0	0.571	119.46335	26.25356	119.469	26.25424
1553413	0	0.224	119.469	26.25424	119.4712	26.25461
1553411	0	0.198	119.4712	26.25461	119.47309	26.25514
12511919	0	0.071	119.47309	26.25514	119.47375	26.25537
12511920	0	2.444	119.47375	26.25537	119.49533	26.2642
1553407	0	0.108	119.49533	26.2642	119.49636	26.26449
1553406	0	0.143	119.49636	26.26449	119.49771	26.26493
1553404	0	0.071	119.49771	26.26493	119.49836	26.26519
1553401	0	0.186	119.49836	26.26519	119.5	26.26599
1231979	0	0.271	119.5	26.26599	119.50228	26.26732
1231980	0	0.295	119.50228	26.26732	119.50489	26.26857
1231983	0	2.239	119.50489	26.26857	119.52226	26.28047
1231984	0	0.723	119.52226	26.28047	119.529	26.28279
1231976	1	0.187	119.52941	26.28497	119.52826	26.28365
14726722	1	1.164	119.52826	26.28365	119.51795	26.27876
14726721	1	1.769	119.51795	26.27876	119.50482	26.26871
1231982	1	0.299	119.50482	26.26871	119.50218	26.26745
1231981	1	0.259	119.50218	26.26745	119.5	26.26619
1553402	1	0.195	119.5	26.26619	119.49829	26.26534
1553403	1	0.07	119.49829	26.26534	119.49765	26.26508
1553405	1	0.143	119.49765	26.26508	119.4963	26.26464
1553408	1	0.106	119.4963	26.26464	119.49529	26.26435
12511918	1	2.464	119.49529	26.26435	119.47353	26.25546
12511917	1	0.053	119.47353	26.25546	119.47303	26.25529
1553412	1	0.195	119.47303	26.25529	119.47117	26.25477
49321118	1	0.116	119.47117	26.25477	119.47003	26.25456
49321117	1	0.106	119.47003	26.25456	119.46898	26.2544
1553418	1	0.573	119.46898	26.2544	119.46331	26.25372
1553417	1	0.695	119.46331	26.25372	119.45786	26.25
878452	1	1.426	119.45786	26.25	119.44881	26.24073
878453	1	0.049	119.44881	26.24073	119.44836	26.24055
876947	1	0.85	119.44836	26.24055	119.44054	26.23752
876981	1	0.025	119.44054	26.23752	119.4403	26.23745
14726717	1	0.53	119.4403	26.23745	119.43509	26.23655
14726718	1	0.023	119.43509	26.23655	119.43486	26.23654
876975	1	0.0070	119.43486	26.23654	119.43479	26.23654
876949	1	2.069	119.43479	26.23654	119.41408	26.23693
876970	1	0.0060	119.41408	26.23693	119.41402	26.23693
876971	1	0.132	119.41402	26.23693	119.4127	26.23697
876969	1	0.043	119.4127	26.23697	119.41227	26.23698
878471	1	0.236	119.41227	26.23698	119.40991	26.23696
878472	1	0.083	119.40991	26.23696	119.40908	26.23693
49429973	1	0.02	119.40908	26.23693	119.40888	26.23692
49429974	1	0.31	119.40888	26.23692	119.40588	26.23624
49429977	1	0.019	119.40588	26.23624	119.40571	26.23617
49429978	1	0.02	119.40571	26.23617	119.40553	26.2361
876952	1	0.92	119.40553	26.2361	119.39867	26.23062
876965	1	0.471	119.39867	26.23062	119.39473	26.22836
876966	1	0.019	119.39473	26.22836	119.39455	26.2283
876953	1	0.18	119.39455	26.2283	119.39279	26.22796
876963	1	0.0050	119.39279	26.22796	119.39274	26.22796
878456	1	0.064	119.39274	26.22796	119.3921	26.22791
878457	1	0.201	119.3921	26.22791	119.3901	26.22802
876955	1	0.148	119.3901	26.22802	119.38866	26.22833
876957	1	0.374	119.38866	26.22833	119.38501	26.22908
876961	1	0.425	119.38501	26.22908	119.3808	26.22874
876962	1	0.623	119.3808	26.22874	119.375	26.22669
1031297	1	0.0080	119.375	26.22669	119.37492	26.22667
1031300	1	0.065	119.37492	26.22667	119.37429	26.22651
1031307	1	0.262	119.37429	26.22651	119.37174	26.22597
1031315	1	0.17	119.37174	26.22597	119.37008	26.22565
1031321	1	0.557	119.37008	26.22565	119.36463	26.22459
1032822	1	0.332	119.36463	26.22459	119.36139	26.22393
49429991	1	0.025	119.36139	26.22393	119.36115	26.22387
49429992	1	0.418	119.36115	26.22387	119.35731	26.22242
49429990	1	0.052	119.35731	26.22242	119.35689	26.22215
1032792	1	0.042	119.35689	26.22215	119.35656	26.22191
14948487	1	0.134	119.35656	26.22191	119.35551	26.22116
14948488	1	0.072	119.35551	26.22116	119.35495	26.22075
1031330	1	0.207	119.35495	26.22075	119.35318	26.21979
1031335	1	0.538	119.35318	26.21979	119.34843	26.21754
1031340	1	0.412	119.34843	26.21754	119.34613	26.2145
1031358	1	0.598	119.34613	26.2145	119.34423	26.20939
1032749	1	0.769	119.34423	26.20939	119.34276	26.20266
14726713	1	0.195	119.34276	26.20266	119.34287	26.20091
14726714	1	0.072	119.34287	26.20091	119.34291	26.20026
12511915	1	2.678	119.34293	26.19989	119.33472	26.1771
12511916	1	1.24	119.33472	26.1771	119.3303	26.16667
1175002	1	1.022	119.3303	26.16667	119.3262	26.15823
1192007	1	2.132	119.3262	26.15823	119.31101	26.14507
1192005	1	0.038	119.31101	26.14507	119.31069	26.14488
1190452	1	0.258	119.31069	26.14488	119.30849	26.14367
1196547	1	0.193	119.30849	26.14367	119.30677	26.14288
1196545	1	0.103	119.30677	26.14288	119.30584	26.14248
1190465	1	0.348	119.30584	26.14248	119.30262	26.1413
1190461	1	0.092	119.30262	26.1413	119.30175	26.14103
1190420	1	1.347	119.30175	26.14103	119.28874	26.13787
14726710	1	0.496	119.28874	26.13787	119.28408	26.13637
14726709	1	0.035	119.28408	26.13637	119.28377	26.13623
12511908	1	0.577	119.28377	26.13623	119.27972	26.1326
12511907	1	0.46	119.27972	26.1326	119.27799	26.12877
1193521	1	0.265	119.27799	26.12877	119.27704	26.12654
1193520	1	0.093	119.27704	26.12654	119.27651	26.12585
1225195	1	0.058	119.27651	26.12585	119.27614	26.12545
49489281	1	0.055	119.27614	26.12545	119.27573	26.12512
49507484	1	0.123	119.27573	26.12512	119.27475	26.12446
49507506	1	0.882	119.27475	26.12446	119.26716	26.12053
49507507	1	0.075	119.26716	26.12053	119.26666	26.12003
49489282	1	0.475	119.26666	26.12003	119.26283	26.11749
1225192	1	0.28	119.26283	26.11749	119.26047	26.11614
1197945	1	0.495	119.26047	26.11614	119.25566	26.11525
1197941	1	0.396	119.25566	26.11525	119.25169	26.11522
49379677	1	0.022	119.25169	26.11522	119.25147	26.11522
49600593	1	0.074	119.25147	26.11522	119.25074	26.11508
87788592	1	0.057	119.25074	26.11508	119.25018	26.11497
87788591	1	0.018	119.25018	26.11497	119.25	26.11494
49600286	1	0.874	119.25	26.11494	119.24132	26.11395
49600285	1	0.122	119.24132	26.11395	119.2401	26.11392
49600282	1	3.352	119.2401	26.11392	119.2069	26.11663
49600281	1	0.129	119.2069	26.11663	119.20562	26.1165
49600168	1	0.053	119.20562	26.1165	119.20509	26.11645
14948446	1	1.163	119.20509	26.11645	119.19346	26.1164
14948445	1	0.068	119.19346	26.1164	119.19278	26.11648
49600153	1	0.299	119.19278	26.11648	119.19	26.11748
14157273	1	0.33	119.19	26.11748	119.18701	26.11875
14157272	1	0.088	119.18701	26.11875	119.18625	26.11915
49600148	1	1.332	119.18625	26.11915	119.17391	26.12325
49600144	1	0.519	119.17391	26.12325	119.16875	26.12381
49600140	1	0.728	119.16875	26.12381	119.16153	26.12364
49600136	1	0.154	119.16153	26.12364	119.16009	26.12315
49600132	1	2.04	119.16009	26.12315	119.1429	26.11323
49798895	1	0.095	119.1429	26.11323	119.1421	26.11277
87788306	1	0.029	119.1421	26.11277	119.14186	26.11263
87788305	1	1.144	119.14186	26.11263	119.13148	26.11
