1230971	1	0.06	117.82443	28.0	117.8244	27.99946
1230987	1	0.044	117.8244	27.99946	117.82437	27.99906
1230985	1	0.027	117.82437	27.99906	117.82436	27.99882
1230996	1	0.315	117.82436	27.99882	117.82378	27.99604
14625763	1	0.078	117.82378	27.99604	117.82354	27.99537
14625762	1	0.034	117.82354	27.99537	117.82344	27.99508
86391798	1	0.083	117.82344	27.99508	117.82315	27.99438
86391799	1	0.218	117.82315	27.99438	117.82218	27.99262
86391797	1	0.475	117.82218	27.99262	117.81919	27.98929
86391802	1	0.077	117.81919	27.98929	117.81859	27.98885
14947534	1	0.202	117.81859	27.98885	117.81697	27.98773
14947535	1	0.116	117.81697	27.98773	117.81604	27.98709
86391810	1	0.757	117.81604	27.98709	117.81036	27.98256
14625760	1	2.082	117.81036	27.98256	117.80986	27.96456
14625761	1	0.403	117.80986	27.96456	117.81316	27.96244
86391818	1	0.256	117.81316	27.96244	117.81534	27.96118
86391824	1	0.579	117.81534	27.96118	117.81888	27.95704
86391828	1	0.493	117.81888	27.95704	117.82246	27.95393
86391830	1	0.064	117.82246	27.95393	117.82287	27.95348
86391832	1	0.019	117.82287	27.95348	117.82298	27.95334
86391852	1	0.294	117.82298	27.95334	117.82458	27.95111
86391856	1	2.767	117.82458	27.95111	117.84217	27.93189
86391857	1	2.488	117.84217	27.93189	117.86071	27.91667
86391775	1	0.079	117.86071	27.91667	117.8612	27.91611
86391848	1	0.785	117.8612	27.91611	117.86619	27.91059
86391849	1	0.044	117.86619	27.91059	117.8665	27.9103
86391845	1	0.024	117.8665	27.9103	117.86666	27.91014
86391862	1	0.567	117.86666	27.91014	117.8691	27.90561
86391864	1	0.259	117.8691	27.90561	117.87019	27.9035
86391872	1	0.396	117.87019	27.9035	117.87327	27.90121
86391874	1	0.024	117.87327	27.90121	117.87346	27.90107
86391875	1	0.034	117.87346	27.90107	117.87373	27.90088
86391780	1	0.156	117.87373	27.90088	117.875	27.90003
86391886	1	0.766	117.875	27.90003	117.87978	27.89464
86391887	1	0.0060	117.87978	27.89464	117.87981	27.89459
86391883	1	0.0090	117.87981	27.89459	117.87986	27.89452
86391890	1	1.105	117.87986	27.89452	117.88687	27.88693
86391896	1	0.041	117.88687	27.88693	117.8872	27.88671
86391898	1	0.213	117.8872	27.88671	117.88891	27.88553
86391904	1	0.071	117.88891	27.88553	117.88948	27.88514
86391906	1	0.733	117.88948	27.88514	117.89398	27.87998
86391914	1	0.466	117.89398	27.87998	117.89745	27.87713
86391918	1	0.545	117.89745	27.87713	117.90128	27.87362
86391920	1	0.665	117.90128	27.87362	117.9038	27.86812
86391924	1	0.512	117.9038	27.86812	117.90375	27.86354
86391928	1	0.114	117.90375	27.86354	117.90349	27.86254
86391946	1	0.016	117.90349	27.86254	117.90346	27.8624
86391947	1	0.722	117.90346	27.8624	117.90332	27.85597
86392149	1	0.012	117.90332	27.85597	117.90336	27.85587
86392150	1	0.024	117.90336	27.85587	117.90344	27.85567
86391936	1	0.013	117.90344	27.85567	117.90349	27.85556
86391952	1	0.262	117.90349	27.85556	117.90483	27.85352
86391956	1	0.411	117.90483	27.85352	117.9072	27.85047
86391962	1	0.39	117.9072	27.85047	117.90944	27.84757
86391963	1	0.243	117.90944	27.84757	117.91038	27.84556
86391966	1	0.188	117.91038	27.84556	117.91059	27.84388
86391968	1	0.026	117.91059	27.84388	117.91063	27.84365
86391982	1	0.031	117.91063	27.84365	117.91067	27.84337
86391983	1	1.203	117.91067	27.84337	117.91481	27.83333
86391783	1	0.102	117.91481	27.83333	117.91529	27.83252
86391988	1	2.346	117.91529	27.83252	117.9318	27.81828
86391990	1	0.033	117.9318	27.81828	117.93211	27.81817
86391991	1	0.029	117.93211	27.81817	117.93238	27.81807
86391981	1	0.032	117.93238	27.81807	117.93268	27.81796
86391996	1	0.238	117.93268	27.81796	117.93494	27.81719
86392000	1	0.219	117.93494	27.81719	117.93701	27.81645
86392004	1	0.209	117.93701	27.81645	117.93895	27.81567
86392020	1	0.038	117.93895	27.81567	117.93932	27.81556
86392022	1	0.023	117.93932	27.81556	117.93954	27.81549
86392023	1	0.57	117.93954	27.81549	117.94524	27.81457
86392017	1	0.031	117.94524	27.81457	117.94555	27.81452
86392012	1	0.023	117.94555	27.81452	117.94578	27.81449
86392028	1	0.027	117.94578	27.81449	117.94605	27.81445
86392032	1	0.207	117.94605	27.81445	117.94811	27.81407
86392036	1	0.152	117.94811	27.81407	117.94958	27.81365
86392040	1	0.313	117.94958	27.81365	117.95222	27.81211
86392077	1	0.074	117.95222	27.81211	117.95274	27.81163
86392078	1	0.022	117.95274	27.81163	117.95289	27.81148
86392075	1	0.179	117.95289	27.81148	117.95411	27.81028
86392076	1	0.203	117.95411	27.81028	117.95547	27.8089
86392066	1	0.436	117.95547	27.8089	117.95851	27.80605
86392069	1	0.117	117.95851	27.80605	117.95945	27.80541
86392081	1	0.083	117.95945	27.80541	117.96015	27.805
86392085	1	0.31	117.96015	27.805	117.96293	27.80369
86392101	1	0.018	117.96293	27.80369	117.96309	27.80362
86392103	1	0.0050	117.96309	27.80362	117.96313	27.8036
86392107	1	0.302	117.96313	27.8036	117.96581	27.80228
86392111	1	0.0070	117.96581	27.80228	117.96587	27.80225
86392112	1	0.0090	117.96587	27.80225	117.96595	27.80221
86392096	1	0.0080	117.96595	27.80221	117.96602	27.80218
14947458	1	0.162	117.96602	27.80218	117.96746	27.80148
14947459	1	0.051	117.96746	27.80148	117.96791	27.80126
86392119	1	0.277	117.96791	27.80126	117.97037	27.80004
86392137	1	0.081	117.97037	27.80004	117.97107	27.79965
86392138	1	0.016	117.97107	27.79965	117.97121	27.79957
86392145	1	0.116	117.97121	27.79957	117.97224	27.79907
14726757	1	0.122	117.97224	27.79907	117.97333	27.79855
14726758	1	0.184	117.97333	27.79855	117.97498	27.79776
86392142	1	0.141	117.97498	27.79776	117.97626	27.79718
86392123	1	0.118	117.97626	27.79718	117.97731	27.79667
86392126	1	0.173	117.97731	27.79667	117.97881	27.79585
86392125	1	0.116	117.97881	27.79585	117.97976	27.79523
12836992	1	0.144	117.97976	27.79523	117.98087	27.79439
12836996	1	2.425	117.98087	27.79439	117.99668	27.77871
12837000	1	0.318	117.99668	27.77871	117.99976	27.77786
12837104	1	0.02	117.99976	27.77786	117.99994	27.77778
12837103	1	0.0060	117.99994	27.77778	118.0	27.77776
12837106	1	0.05	118.0	27.77776	118.00046	27.77756
12837105	1	0.016	118.00046	27.77756	118.00061	27.7775
12837008	1	1.414	118.00061	27.7775	118.01289	27.77097
12837098	1	0.012	118.01315	27.77092	118.01327	27.77089
12837097	1	0.041	118.01327	27.77089	118.01368	27.77085
12837016	1	0.414	118.01368	27.77085	118.0178	27.77151
12837020	1	2.082	118.0178	27.77151	118.03843	27.77092
12837024	1	0.68	118.03843	27.77092	118.04417	27.76751
12837108	1	0.855	118.04417	27.76751	118.04739	27.76079
12837107	1	0.052	118.04739	27.76079	118.04732	27.76033
12837030	1	0.41	118.04732	27.76033	118.04679	27.75667
12837078	1	0.596	118.04679	27.75667	118.04689	27.75132
12837077	1	0.031	118.04689	27.75132	118.04687	27.75104
12837075	1	0.02	118.04687	27.75104	118.04686	27.75086
12837071	1	0.096	118.04686	27.75086	118.04673	27.75
12837068	1	0.28	118.04673	27.75	118.04601	27.74757
12837084	1	0.04	118.04601	27.74757	118.04587	27.74723
12837083	1	0.047	118.04587	27.74723	118.0457	27.74683
12837086	1	0.01	118.0457	27.74683	118.04566	27.74675
12837085	1	0.061	118.04566	27.74675	118.0454	27.74625
12837065	1	0.134	118.0454	27.74625	118.04458	27.74529
12837057	1	0.71	118.04458	27.74529	118.04032	27.74017
12837053	1	0.526	118.04032	27.74017	118.03927	27.73554
12837049	1	0.595	118.03927	27.73554	118.03776	27.73039
12837045	1	0.221	118.03776	27.73039	118.03652	27.72874
12837041	1	0.662	118.03652	27.72874	118.03137	27.72491
12837037	1	0.196	118.03137	27.72491	118.02996	27.72367
12837148	1	2.117	118.02996	27.72367	118.02865	27.7052
12837147	1	0.085	118.02865	27.7052	118.02885	27.70446
12837154	1	0.559	118.02885	27.70446	118.02989	27.69952
12837153	1	0.125	118.02989	27.69952	118.02992	27.6984
14726760	1	0.205	118.02992	27.6984	118.02974	27.69657
14726759	1	0.035	118.02974	27.69657	118.02968	27.69626
12837149	1	3.041	118.02968	27.69626	118.02076	27.67021
1434581	1	0.182	118.02076	27.67021	118.0199	27.66876
1434580	1	0.264	118.0199	27.66876	118.01862	27.66667
862539	1	1.613	118.01862	27.66667	118.01215	27.65341
862537	1	0.297	118.01215	27.65341	118.01147	27.6508
862531	1	2.08	118.01147	27.6508	118.00333	27.63363
862527	1	0.23	118.00333	27.63363	118.00188	27.63201
862523	1	0.257	118.00188	27.63201	118.0	27.63041
790015	1	0.304	118.0	27.63041	117.99772	27.62857
790020	1	0.529	117.99772	27.62857	117.99376	27.62535
14947571	1	1.822	117.99376	27.62535	117.99647	27.61075
14947570	1	0.057	117.99647	27.61075	117.99664	27.61026
790024	1	0.067	117.99664	27.61026	117.99682	27.60968
12837222	1	0.086	117.99682	27.60968	117.99699	27.60892
87788238	1	0.051	117.99699	27.60892	117.99706	27.60847
87788237	1	0.326	117.99706	27.60847	117.9973	27.60555
790037	1	0.214	117.9973	27.60555	117.99699	27.60365
790046	1	0.078	117.99699	27.60365	117.99686	27.60296
14726764	1	0.233	117.99686	27.60296	117.99617	27.60096
14726766	1	0.498	117.99617	27.60096	117.99373	27.59704
14726765	1	1.57	117.99373	27.59704	117.9903	27.58333
846304	1	0.014	117.9903	27.58333	117.9903	27.5832
846309	1	0.351	117.9903	27.5832	117.99089	27.5801
846313	1	1.316	117.99089	27.5801	117.99083	27.56878
846317	1	0.216	117.99083	27.56878	117.98979	27.56707
14726767	1	0.543	117.98979	27.56707	117.98723	27.56275
14726768	1	0.701	117.98723	27.56275	117.9859	27.55662
12837122	1	0.019	117.9859	27.55662	117.98591	27.55645
12837229	1	0.179	117.98591	27.55645	117.98604	27.55484
12837230	1	0.801	117.98604	27.55484	117.98594	27.54765
12837233	1	0.106	117.98594	27.54765	117.98582	27.5467
12837234	1	1.131	117.98582	27.5467	117.98609	27.53673
846323	1	0.274	117.98609	27.53673	117.98746	27.53458
846328	1	0.481	117.98746	27.53458	117.98927	27.53057
14809762	1	0.069	117.98927	27.53057	117.9895	27.52998
14809763	1	0.242	117.9895	27.52998	117.99053	27.52801
846344	1	0.115	117.99053	27.52801	117.9912	27.52716
846355	1	0.192	117.9912	27.52716	117.99242	27.52581
846357	1	0.681	117.99242	27.52581	117.9958	27.52051
846359	1	0.321	117.9958	27.52051	117.99692	27.51779
846330	1	0.484	117.99692	27.51779	118.0	27.51443
883427	1	0.414	118.0	27.51443	118.00373	27.51276
12512253	1	2.958	118.00373	27.51276	118.03028	27.50576
12512255	1	0.02	118.03028	27.50576	118.03047	27.50583
12512256	1	0.029	118.03047	27.50583	118.03074	27.50593
883429	1	0.031	118.03074	27.50593	118.03103	27.50604
883406	1	0.263	118.03103	27.50604	118.03352	27.50688
883408	1	0.089	118.03352	27.50688	118.03438	27.50713
883420	1	0.21	118.03438	27.50713	118.03643	27.50764
883421	1	0.179	118.03643	27.50764	118.03818	27.50806
883405	1	2.964	118.03818	27.50806	118.06493	27.5
935609	1	1.065	118.06493	27.5	118.06837	27.49108
935576	1	0.148	118.06837	27.49108	118.06845	27.48978
935580	1	0.248	118.06645	27.48631	118.06473	27.48469
935594	1	0.321	118.06473	27.48469	118.06301	27.48224
935593	1	0.441	118.06301	27.48224	118.0626	27.47835
12834981	1	2.733	118.0626	27.47835	118.06681	27.4546
12835119	1	0.286	118.07061	27.44976	118.07299	27.45122
12835118	1	0.87	118.07299	27.45122	118.08062	27.45513
12835025	1	0.436	118.08062	27.45513	118.08476	27.45649
12835031	1	0.428	118.08476	27.45649	118.08896	27.45747
12835035	1	0.448	118.08896	27.45747	118.09344	27.45813
12835101	1	0.324	118.09344	27.45813	118.09667	27.45866
14809723	1	0.05	118.09667	27.45866	118.09717	27.45874
14809722	1	0.115	118.09717	27.45874	118.09832	27.45893
12835093	1	0.128	118.09832	27.45893	118.0996	27.45914
14726790	1	0.277	118.0996	27.45914	118.10236	27.45959
14726789	1	0.053	118.10236	27.45959	118.10289	27.45967
12835112	1	0.182	118.10289	27.45967	118.10472	27.45984
12835117	1	0.153	118.10472	27.45984	118.10627	27.45977
12835116	1	0.331	118.10627	27.45977	118.10954	27.45918
12835043	1	0.312	118.10954	27.45918	118.11233	27.45788
12835042	1	1.347	118.11233	27.45788	118.125	27.45431
12835137	1	1.223	118.125	27.45431	118.13701	27.45181
12835136	1	0.04	118.13701	27.45181	118.1374	27.4517
12835051	1	0.866	118.13784	27.45158	118.14629	27.44953
12835139	1	0.09	118.14629	27.44953	118.1472	27.44944
12835138	1	2.535	118.1472	27.44944	118.16926	27.45986
12835018	1	0.181	118.16926	27.45986	118.17099	27.4604
12835055	1	1.455	118.17099	27.4604	118.18513	27.46204
12835059	1	0.469	118.18513	27.46204	118.18942	27.46021
12835061	1	1.148	118.18942	27.46021	118.19927	27.45483
12835067	1	0.269	118.19927	27.45483	118.20173	27.45381
12835141	1	0.261	118.20173	27.45381	118.20429	27.45321
12835140	1	0.022	118.20429	27.45321	118.20451	27.45317
12835086	1	0.047	118.20451	27.45317	118.20498	27.45308
12835074	1	3.671	118.20498	27.45308	118.24161	27.44726
12835079	1	0.034	118.24161	27.44726	118.24195	27.44721
12835089	1	0.029	118.24195	27.44721	118.24224	27.44716
12835143	1	0.065	118.24224	27.44716	118.24289	27.44706
12835142	1	0.103	118.24289	27.44706	118.24392	27.44689
12835085	1	0.247	118.24392	27.44689	118.24641	27.44668
14726802	1	0.234	118.24641	27.44668	118.24878	27.44677
14726801	1	0.121	118.24878	27.44677	118.25	27.44687
12834046	1	0.06	118.25	27.44687	118.25061	27.44685
12834045	1	0.04	118.25061	27.44685	118.25101	27.44681
12834044	1	0.019	118.25101	27.44681	118.2512	27.44681
12834052	1	0.346	118.2512	27.44681	118.2547	27.44669
12834054	1	0.135	118.2547	27.44669	118.25605	27.44651
12834058	1	0.138	118.25605	27.44651	118.25739	27.44614
12834092	1	0.077	118.25739	27.44614	118.25813	27.44593
12834091	1	0.054	118.25813	27.44593	118.25864	27.44575
12834087	1	0.078	118.25864	27.44575	118.25937	27.44549
12834070	1	0.129	118.25937	27.44549	118.26052	27.44493
12834082	1	0.138	118.26052	27.44493	118.26174	27.44433
12834084	1	0.143	118.26174	27.44433	118.26299	27.44368
12834096	1	0.81	118.26299	27.44368	118.26983	27.43964
12834100	1	0.189	118.26983	27.43964	118.27143	27.43871
12834106	1	0.086	118.27143	27.43871	118.27217	27.4383
12834108	1	0.038	118.27217	27.4383	118.2725	27.43812
12834112	1	0.022	118.2725	27.43812	118.27269	27.43801
12834116	1	0.865	118.27269	27.43801	118.28127	27.43689
12834118	1	0.016	118.28127	27.43689	118.28143	27.43691
12834124	1	0.063	118.28143	27.43691	118.28207	27.43697
12834128	1	2.359	118.28207	27.43697	118.30263	27.4387
12834132	1	0.246	118.30263	27.4387	118.30427	27.43703
12834390	1	0.321	118.30427	27.43703	118.30656	27.43499
12834389	1	0.037	118.30656	27.43499	118.30685	27.43478
12834134	1	0.674	118.30685	27.43478	118.31232	27.43116
12834139	1	1.132	118.31232	27.43116	118.32182	27.42583
12834372	1	0.089	118.32182	27.42583	118.32271	27.4257
12834376	1	0.05	118.32271	27.4257	118.32321	27.42566
12834375	1	0.044	118.32321	27.42566	118.32366	27.42565
12834147	1	0.024	118.32366	27.42565	118.3239	27.42565
12834151	1	0.305	118.3239	27.42565	118.32697	27.42591
12834155	1	0.214	118.32697	27.42591	118.32909	27.42631
12834159	1	0.05	118.32909	27.42631	118.32958	27.42643
12834163	1	0.539	118.32958	27.42643	118.33462	27.42829
12834169	1	0.052	118.33462	27.42829	118.33507	27.42854
12834168	1	0.052	118.33507	27.42854	118.33551	27.42879
12834171	1	0.704	118.33551	27.42879	118.34112	27.43269
12886121	1	0.112	118.34112	27.43269	118.34199	27.43334
12886120	1	0.36	118.34199	27.43334	118.34473	27.43548
12834395	1	0.199	118.34473	27.43548	118.34632	27.43658
14726804	1	0.26	118.34632	27.43658	118.34857	27.4378
14726803	1	0.084	118.34857	27.4378	118.34933	27.43814
12834399	1	1.584	118.34933	27.43814	118.36501	27.44065
12834205	1	0.425	118.36501	27.44065	118.36902	27.44202
12834204	1	0.797	118.36902	27.44202	118.375	27.44676
12834209	1	0.277	118.375	27.44676	118.37674	27.44872
12834213	1	0.396	118.37674	27.44872	118.3792	27.45154
12834217	1	1.377	118.3792	27.45154	118.38885	27.46044
12834221	1	0.305	118.38885	27.46044	118.39119	27.46224
14726808	1	0.316	118.39119	27.46224	118.39376	27.46392
14726807	1	0.057	118.39376	27.46392	118.39427	27.46417
12834227	1	0.091	118.39427	27.46417	118.39509	27.46455
12834229	1	0.038	118.39509	27.46455	118.39544	27.46469
12834235	1	0.567	118.39544	27.46469	118.40077	27.46658
12834239	1	0.056	118.40077	27.46658	118.40132	27.46669
14726812	1	1.44	118.40132	27.46669	118.41432	27.47217
14726811	1	0.167	118.41432	27.47217	118.41577	27.47294
12834249	1	0.069	118.41577	27.47294	118.41637	27.47326
12834253	1	0.461	118.41637	27.47326	118.42044	27.47531
12834257	1	0.046	118.42044	27.47531	118.42083	27.47554
12834261	1	0.048	118.42083	27.47554	118.42124	27.47577
12834345	1	0.929	118.42124	27.47577	118.42987	27.47905
12834404	1	0.27	118.42987	27.47905	118.4326	27.47923
12834403	1	0.151	118.4326	27.47923	118.43412	27.47941
14726818	1	0.264	118.43412	27.47941	118.43672	27.47996
14726817	1	0.223	118.43672	27.47996	118.43889	27.48053
12834407	1	0.034	118.43889	27.48053	118.43922	27.48062
12834342	1	0.309	118.43922	27.48062	118.44222	27.48142
14726820	1	0.225	118.44222	27.48142	118.44448	27.48172
14726819	1	0.131	118.44448	27.48172	118.4458	27.48184
12834328	1	0.056	118.4458	27.48184	118.44637	27.4818
12834324	1	0.449	118.44637	27.4818	118.45092	27.48162
12834320	1	0.052	118.45092	27.48162	118.45145	27.48158
12834317	1	0.034	118.45145	27.48158	118.45179	27.48155
12834316	1	0.154	118.45179	27.48155	118.45335	27.48142
12834310	1	0.225	118.45335	27.48142	118.45559	27.48104
12834331	1	0.271	118.45559	27.48104	118.45827	27.48048
12834335	1	0.041	118.45827	27.48048	118.45867	27.48039
12834334	1	0.205	118.45867	27.48039	118.46063	27.47977
12834302	1	0.048	118.46063	27.47977	118.46106	27.47956
12834298	1	0.568	118.46106	27.47956	118.4661	27.4771
12834292	1	0.037	118.4661	27.4771	118.46642	27.47693
12834290	1	0.055	118.46642	27.47693	118.46689	27.47667
12834286	1	0.343	118.46689	27.47667	118.46982	27.475
12834284	1	0.451	118.46982	27.475	118.47378	27.47298
12834280	1	0.593	118.47378	27.47298	118.47953	27.47143
12834276	1	0.243	118.47953	27.47143	118.48157	27.47021
12834272	1	0.718	118.48157	27.47021	118.48588	27.46503
12834268	1	0.273	118.48588	27.46503	118.48747	27.46302
12834264	1	1.697	118.48747	27.46302	118.5	27.45286
12836051	1	2.035	118.5	27.45286	118.51542	27.44087
12836053	1	0.4	118.51542	27.44087	118.51806	27.4382
12836059	1	1.464	118.51806	27.4382	118.52473	27.42659
12836061	1	0.703	118.52473	27.42659	118.53011	27.42255
12836065	1	0.068	118.53011	27.42255	118.53074	27.4223
12836226	1	0.234	118.53074	27.4223	118.53306	27.42186
12836227	1	0.072	118.53306	27.42186	118.53378	27.42174
12836280	1	0.214	118.53378	27.42174	118.53588	27.42125
12886096	1	0.027	118.53588	27.42125	118.53612	27.42113
12886100	1	0.258	118.53612	27.42113	118.53833	27.4199
12886101	1	0.064	118.53833	27.4199	118.53885	27.41956
12836290	1	0.449	118.53885	27.41956	118.54265	27.41736
14726821	1	0.1	118.54265	27.41736	118.54357	27.41699
14726822	1	0.06	118.54357	27.41699	118.54413	27.41679
12836299	1	0.035	118.54413	27.41679	118.54446	27.41667
12836038	1	0.033	118.54446	27.41667	118.54477	27.41656
12836300	1	0.17	118.54477	27.41656	118.54636	27.41597
12836301	1	0.061	118.54636	27.41597	118.54693	27.41575
12836220	1	0.023	118.54693	27.41575	118.54714	27.41567
12836221	1	0.052	118.54714	27.41567	118.54763	27.41549
12836150	1	1.278	118.54763	27.41549	118.55906	27.41014
12836151	1	1.164	118.55906	27.41014	118.56874	27.40416
12836206	1	0.083	118.56874	27.40416	118.56947	27.40378
12836212	1	0.068	118.56947	27.40378	118.57007	27.40347
12836306	1	0.17	118.57007	27.40347	118.57155	27.40269
12836312	1	0.217	118.57155	27.40269	118.57349	27.40178
12836314	1	0.243	118.57349	27.40178	118.57575	27.40091
12836320	1	0.27	118.57575	27.40091	118.57832	27.40007
12836322	1	0.049	118.57832	27.40007	118.5788	27.39996
12836324	1	0.116	118.5788	27.39996	118.57995	27.39973
12836330	1	0.136	118.57995	27.39973	118.58131	27.39954
12836332	1	0.173	118.58131	27.39954	118.58306	27.3994
12836334	1	0.302	118.58306	27.3994	118.5861	27.39914
12836338	1	0.304	118.5861	27.39914	118.58901	27.39829
14726825	1	0.183	118.58901	27.39829	118.5906	27.39744
14726826	1	0.054	118.5906	27.39744	118.59101	27.39712
14726824	1	0.191	118.59101	27.39712	118.59241	27.39593
12836345	1	0.044	118.59241	27.39593	118.59272	27.39564
12836205	1	0.065	118.59272	27.39564	118.59315	27.3952
12836346	1	0.031	118.59315	27.3952	118.59337	27.395
12836347	1	0.085	118.59337	27.395	118.59396	27.39444
12836199	1	0.549	118.59396	27.39444	118.59781	27.39088
12836350	1	0.04	118.59781	27.39088	118.59811	27.39064
14726827	1	0.071	118.59811	27.39064	118.59867	27.39024
14726828	1	0.033	118.59867	27.39024	118.59893	27.39005
12836355	1	0.086	118.59893	27.39005	118.5996	27.38956
12836173	1	2.049	118.5996	27.38956	118.61826	27.38175
12836188	1	0.113	118.61826	27.38175	118.61934	27.38141
12836189	1	0.061	118.61934	27.38141	118.61992	27.38123
12886104	1	0.049	118.61992	27.38123	118.62039	27.38109
12886105	1	0.465	118.62039	27.38109	118.6247	27.37943
12836043	1	0.035	118.6247	27.37943	118.625	27.37927
12836358	1	0.062	118.625	27.37927	118.62551	27.37895
12836360	1	0.173	118.62551	27.37895	118.62681	27.37791
12836361	1	0.221	118.62681	27.37791	118.62816	27.37632
12836272	1	0.345	118.62816	27.37632	118.6304	27.37395
12836273	1	0.254	118.6304	27.37395	118.63245	27.37257
12836264	1	0.262	118.63245	27.37257	118.63452	27.3711
12836265	1	4.153	118.63452	27.3711	118.67024	27.35339
12836258	1	0.456	118.67024	27.35339	118.6748	27.35296
85168690	1	0.136	118.6748	27.35296	118.67617	27.35312
85404167	1	0.133	118.67617	27.35312	118.67749	27.35335
85404366	1	0.191	118.67749	27.35335	118.67934	27.35384
85404367	1	0.928	118.67934	27.35384	118.68743	27.35796
14726833	1	0.222	118.68743	27.35796	118.6891	27.3593
14726834	1	0.173	118.6891	27.3593	118.69035	27.36039
85404373	1	0.615	118.69035	27.36039	118.69516	27.36385
12836250	1	0.518	118.69516	27.36385	118.70022	27.36495
14726835	1	0.225	118.70022	27.36495	118.70249	27.36509
14726837	1	0.235	118.70249	27.36509	118.70487	27.36512
14726838	1	0.288	118.70487	27.36512	118.70778	27.36493
12836164	1	0.054	118.70778	27.36493	118.70832	27.36488
12836165	1	0.139	118.70832	27.36488	118.70969	27.36461
12836131	1	2.545	118.70969	27.36461	118.73398	27.35694
12836158	1	0.063	118.73398	27.35694	118.73458	27.35675
12836159	1	0.129	118.73458	27.35675	118.73582	27.35637
12836154	1	0.073	118.73582	27.35637	118.73652	27.35617
12836155	1	0.046	118.73652	27.35617	118.73696	27.35604
12836139	1	0.697	118.73696	27.35604	118.74374	27.35438
12886108	1	0.064	118.74374	27.35438	118.74438	27.35431
12886109	1	0.544	118.74438	27.35431	118.74987	27.3545
12836077	1	0.013	118.74987	27.3545	118.75	27.35451
12836046	1	0.135	118.75	27.35451	118.75137	27.35452
12836238	1	0.373	118.75137	27.35452	118.75514	27.35432
12836242	1	0.225	118.75514	27.35432	118.75741	27.35412
14726805	1	1.076	118.75741	27.35412	118.76814	27.35467
14726806	1	0.711	118.76814	27.35467	118.77475	27.35301
12836232	1	0.808	118.77475	27.35301	118.77749	27.34628
12836233	1	0.093	118.77749	27.34628	118.77788	27.34552
14726845	1	0.507	118.77788	27.34552	118.78089	27.34186
14726846	1	0.058	118.78089	27.34186	118.78131	27.3415
12836223	1	0.335	118.78131	27.3415	118.78385	27.3395
12836114	1	0.84	118.78385	27.3395	118.78871	27.33333
12838276	1	0.121	118.78871	27.33333	118.78963	27.33261
12838275	1	0.064	118.78963	27.33261	118.79014	27.33225
12838271	1	0.043	118.79014	27.33225	118.79047	27.332
12838268	1	0.271	118.79047	27.332	118.79282	27.33075
12838286	1	0.016	118.79282	27.33075	118.79296	27.33068
12838285	1	0.041	118.79296	27.33068	118.79333	27.33051
12838279	1	1.128	118.79333	27.33051	118.80416	27.32783
12838261	1	0.308	118.80416	27.32783	118.80704	27.32682
12838255	1	0.062	118.80704	27.32682	118.80757	27.32652
12838251	1	0.345	118.80757	27.32652	118.81058	27.32496
14726850	1	0.64	118.81058	27.32496	118.81695	27.32474
14726849	1	0.14	118.81695	27.32474	118.81835	27.32495
12838243	1	0.317	118.81835	27.32495	118.82156	27.32493
12838241	1	0.019	118.82156	27.32493	118.82175	27.32492
12838237	1	0.063	118.82175	27.32492	118.82238	27.32482
12838234	1	2.244	118.82238	27.32482	118.8426	27.31632
12838233	1	0.396	118.8426	27.31632	118.84522	27.31363
12838225	1	0.076	118.84522	27.31363	118.84566	27.31307
12838218	1	3.308	118.84566	27.31307	118.86553	27.28912
12838222	1	0.058	118.86553	27.28912	118.86582	27.28867
12838221	1	0.029	118.86582	27.28867	118.86597	27.28845
12838209	1	1.53	118.86597	27.28845	118.87094	27.27559
12838203	1	0.07	118.87094	27.27559	118.87091	27.27496
12838201	1	0.658	118.87091	27.27496	118.86975	27.26914
12838198	1	0.03	118.86975	27.26914	118.86968	27.26888
12838197	1	0.043	118.86968	27.26888	118.86959	27.2685
12838189	1	0.449	118.86959	27.2685	118.86894	27.26451
12838185	1	0.037	118.86894	27.26451	118.86894	27.26418
12838183	1	0.047	118.86894	27.26418	118.86893	27.26376
12838175	1	0.882	118.86893	27.26376	118.8696	27.25586
12838180	1	0.029	118.8696	27.25586	118.86967	27.25561
12838179	1	0.052	118.86967	27.25561	118.8698	27.25516
12838165	1	0.688	118.8698	27.25516	118.87366	27.25011
12838161	1	0.019	118.87366	27.25011	118.87381	27.25
12838160	1	0.089	118.87381	27.25	118.87452	27.2495
12838159	1	0.061	118.87452	27.2495	118.875	27.24916
12838156	1	0.847	118.875	27.24916	118.88273	27.24589
12838155	1	0.22	118.88273	27.24589	118.8846	27.24481
12838149	1	0.056	118.8846	27.24481	118.88506	27.24452
12838142	1	0.642	118.88506	27.24452	118.88964	27.24045
12838146	1	0.023	118.88964	27.24045	118.88978	27.24028
12838145	1	0.111	118.88978	27.24028	118.89043	27.23947
12838133	1	0.306	118.89043	27.23947	118.89198	27.23709
12838130	1	0.093	118.89198	27.23709	118.89233	27.23632
12838129	1	0.034	118.89233	27.23632	118.89241	27.23602
12838292	1	3.251	118.89241	27.23602	118.89934	27.20764
12838415	1	0.054	118.89934	27.20764	118.89928	27.20716
12838414	1	0.485	118.89928	27.20716	118.89922	27.20281
12838117	1	0.134	118.89922	27.20281	118.89953	27.20164
12838113	1	0.148	118.89953	27.20164	118.90002	27.20038
12886127	1	2.089	118.90002	27.20038	118.91717	27.19043
12886126	1	0.09	118.91717	27.19043	118.91802	27.19013
12838287	1	1.019	118.91802	27.19013	118.92762	27.18679
12838105	1	0.445	118.92762	27.18679	118.93183	27.18536
12838101	1	0.196	118.93183	27.18536	118.93366	27.18468
12838097	1	3.901	118.93366	27.18468	118.97118	27.17489
12838092	1	0.036	118.97118	27.17489	118.97154	27.17494
12838091	1	0.078	118.97154	27.17494	118.97231	27.17509
12838074	1	0.154	118.97231	27.17509	118.97375	27.17561
14726606	1	0.167	118.97375	27.17561	118.97529	27.17623
14726605	1	0.583	118.97529	27.17623	118.98099	27.17744
12838064	1	0.079	118.98099	27.17744	118.98179	27.17744
12838063	1	0.516	118.98179	27.17744	118.98689	27.17657
12838062	1	0.225	118.98689	27.17657	118.98902	27.17585
12838061	1	0.096	118.98902	27.17585	118.98993	27.17555
12838046	1	0.154	118.98993	27.17555	118.99141	27.17511
14726608	1	0.605	118.99141	27.17511	118.99701	27.17297
14726607	1	0.057	118.99701	27.17297	118.99746	27.17265
12838035	1	0.141	118.99746	27.17265	118.99849	27.17177
12838031	1	0.128	118.99849	27.17177	118.99927	27.17085
12838027	1	0.137	118.99927	27.17085	119.0	27.1698
12838024	1	0.194	119.0	27.1698	119.00115	27.16839
12838023	1	0.323	119.00115	27.16839	119.00377	27.16667
12886015	1	0.903	119.00377	27.16667	119.00892	27.16027
12886014	1	0.03	119.00892	27.16027	119.00904	27.16002
12886019	1	0.195	119.00904	27.16002	119.01006	27.15852
12886018	1	0.21	119.01006	27.15852	119.01136	27.15703
12886023	1	0.437	119.01136	27.15703	119.01354	27.15363
12886022	1	1.443	119.01354	27.15363	119.02284	27.14507
12885902	1	0.307	119.02284	27.14507	119.0258	27.14581
12885906	1	0.29	119.0258	27.14581	119.02841	27.14699
12885910	1	0.193	119.02841	27.14699	119.03028	27.14747
14157257	1	0.218	119.03028	27.14747	119.03245	27.14782
14157256	1	0.0080	119.03245	27.14782	119.03253	27.14784
12885995	1	0.266	119.03253	27.14784	119.03506	27.14863
12886000	1	0.18	119.03506	27.14863	119.03663	27.14945
12885999	1	0.863	119.03663	27.14945	119.04292	27.15481
12885983	1	2.469	119.04292	27.15481	119.06386	27.15219
12885978	1	0.26	119.06386	27.15219	119.06616	27.15108
12885977	1	0.941	119.06616	27.15108	119.07545	27.14941
12885970	1	0.331	119.07545	27.14941	119.07816	27.14769
12885969	1	1.109	119.07816	27.14769	119.08554	27.14029
12885961	1	0.298	119.08554	27.14029	119.08642	27.13773
12885957	1	0.79	119.08642	27.13773	119.09003	27.13143
12885945	1	0.221	119.09003	27.13143	119.09086	27.12958
12885956	1	0.36	119.09086	27.12958	119.09291	27.12693
12885955	1	0.064	119.09291	27.12693	119.09339	27.12654
12885937	1	0.396	119.09339	27.12654	119.09678	27.12469
12885950	1	0.035	119.09678	27.12469	119.09711	27.12457
14726854	1	0.286	119.09711	27.12457	119.09964	27.12333
14726853	1	0.076	119.09964	27.12333	119.10026	27.12292
12885939	1	0.165	119.10026	27.12292	119.1016	27.12203
12885925	1	0.017	119.1016	27.12203	119.10174	27.12194
12885885	1	1.332	119.10174	27.12194	119.11263	27.1149
12885922	1	0.092	119.11263	27.1149	119.11345	27.11451
12885921	1	0.064	119.11345	27.11451	119.114	27.1142
12886131	1	1.184	119.114	27.1142	119.125	27.11003
12833006	1	3.886	119.125	27.11003	119.16184	27.0979
12833007	1	1.472	119.16184	27.0979	119.1759	27.09358
12833010	1	0.03	119.1759	27.09358	119.17619	27.09351
12833012	1	0.058	119.17619	27.09351	119.17676	27.0934
12833013	1	0.059	119.17676	27.0934	119.17735	27.09333
12833001	1	0.801	119.17735	27.09333	119.18531	27.09429
12833018	1	0.645	119.18531	27.09429	119.19169	27.09369
12833022	1	0.045	119.19169	27.09369	119.19207	27.09347
12833023	1	0.045	119.19207	27.09347	119.19245	27.09324
12832993	1	0.513	119.19245	27.09324	119.1961	27.08997
12833028	1	0.134	119.1961	27.08997	119.19718	27.08924
12833032	1	0.043	119.19718	27.08924	119.19756	27.08905
12833033	1	0.179	119.19756	27.08905	119.19916	27.08831
12832985	1	0.906	119.19916	27.08831	119.20724	27.08475
12832981	1	0.209	119.20724	27.08475	119.20922	27.08413
12833036	1	0.18	119.20922	27.08413	119.21103	27.084
12833040	1	1.495	119.21103	27.084	119.22419	27.09014
12833041	1	0.121	119.22419	27.09014	119.2254	27.09028
12833039	1	0.042	119.2254	27.09028	119.22582	27.09031
12832972	1	0.046	119.22582	27.09031	119.22628	27.09032
12832973	1	0.272	119.22628	27.09032	119.22901	27.09005
12832965	1	0.12	119.22901	27.09005	119.23017	27.08973
12832961	1	1.0	119.23017	27.08973	119.2367	27.08333
12833065	1	0.401	119.2367	27.08333	119.23787	27.07988
12833368	1	0.139	119.23787	27.07988	119.23832	27.0787
12833369	1	0.14	119.23832	27.0787	119.23889	27.07755
12833068	1	0.04	119.23889	27.07755	119.23907	27.07723
12833078	1	0.162	119.23907	27.07723	119.23997	27.07602
12833080	1	0.592	119.23997	27.07602	119.24442	27.07246
12833084	1	0.131	119.24442	27.07246	119.24543	27.0717
12833101	1	0.092	119.24543	27.0717	119.24613	27.07116
12833102	1	0.046	119.24613	27.07116	119.24648	27.07089
12833103	1	0.072	119.24648	27.07089	119.24705	27.07049
12833105	1	0.137	119.24705	27.07049	119.2482	27.06981
12833106	1	0.042	119.2482	27.06981	119.24857	27.06963
12833109	1	0.039	119.24857	27.06963	119.24893	27.06949
12833110	1	0.116	119.24893	27.06949	119.25	27.06906
12833097	1	2.337	119.25	27.06906	119.27325	27.07077
12833113	1	0.046	119.27325	27.07077	119.2737	27.07087
12833117	1	0.102	119.2737	27.07087	119.2747	27.07111
12833118	1	0.036	119.2747	27.07111	119.27505	27.07119
12833123	1	0.344	119.27505	27.07119	119.27847	27.07169
12833127	1	0.221	119.27847	27.07169	119.2807	27.07179
12833131	1	0.13	119.2807	27.07179	119.28201	27.07185
12833135	1	0.297	119.28201	27.07185	119.28501	27.07197
12833139	1	0.426	119.28501	27.07197	119.28929	27.07233
12833143	1	0.162	119.28929	27.07233	119.29091	27.07256
12833147	1	0.23	119.29091	27.07256	119.29322	27.07272
12833151	1	0.685	119.29322	27.07272	119.30011	27.07279
12833155	1	0.271	119.30011	27.07279	119.30282	27.0731
14726855	1	0.626	119.30282	27.0731	119.30912	27.07261
14726856	1	0.903	119.30912	27.07261	119.3172	27.06929
12833163	1	0.29	119.3172	27.06929	119.31979	27.06808
12833165	1	0.054	119.31979	27.06808	119.32031	27.06793
12833167	1	0.082	119.32031	27.06793	119.32111	27.06773
12833168	1	0.335	119.32111	27.06773	119.32446	27.06736
12833176	1	0.337	119.32446	27.06736	119.32783	27.06693
12833177	1	0.621	119.32783	27.06693	119.33395	27.06751
49394343	1	0.517	119.33395	27.06751	119.33898	27.06868
49394359	1	0.097	119.33898	27.06868	119.33996	27.06877
49394360	1	0.576	119.33996	27.06877	119.34576	27.06925
49394365	1	0.048	119.34576	27.06925	119.34624	27.06928
49394366	1	0.05	119.34624	27.06928	119.34674	27.06931
14726857	1	0.104	119.34674	27.06931	119.34779	27.06926
14726858	1	0.106	119.34779	27.06926	119.34884	27.06908
49394380	1	0.02	119.34884	27.06908	119.34904	27.06904
49394371	1	0.042	119.34904	27.06904	119.34945	27.06893
49394375	1	1.85	119.34945	27.06893	119.36402	27.05894
49394383	1	0.048	119.36402	27.05894	119.3645	27.05886
49394387	1	0.024	119.3645	27.05886	119.36474	27.05882
49394391	1	0.321	119.36474	27.05882	119.36798	27.05873
49394395	1	0.195	119.36798	27.05873	119.36994	27.05864
49394399	1	0.031	119.36994	27.05864	119.37025	27.05859
49394403	1	0.037	119.37025	27.05859	119.37062	27.05853
49394404	1	0.469	119.37062	27.05853	119.375	27.057
49394407	1	0.329	119.375	27.057	119.37755	27.05512
49394410	1	0.039	119.37755	27.05512	119.37781	27.05486
49394418	1	0.128	119.37781	27.05486	119.37864	27.05398
49394420	1	0.121	119.37864	27.05398	119.37936	27.0531
14726859	1	0.221	119.37936	27.0531	119.38033	27.05131
14726860	1	0.393	119.38033	27.05131	119.38189	27.04806
49394456	1	0.094	119.38189	27.04806	119.38227	27.04728
49394457	1	0.019	119.38227	27.04728	119.38234	27.04712
49394455	1	0.034	119.38234	27.04712	119.38248	27.04684
49394426	1	0.0050	119.38248	27.04684	119.3825	27.0468
49394438	1	0.677	119.3825	27.0468	119.38555	27.04137
49394439	1	0.085	119.38555	27.04137	119.38606	27.04076
49394829	1	1.027	119.38606	27.04076	119.39454	27.03554
49394830	1	0.13	119.39454	27.03554	119.39568	27.03496
49394460	1	0.183	119.39568	27.03496	119.39729	27.03416
49394467	1	0.181	119.39729	27.03416	119.39891	27.03341
85239595	1	0.098	119.39891	27.03341	119.39984	27.0331
85239596	1	1.202	119.39984	27.0331	119.41175	27.03147
49394853	1	0.072	119.41175	27.03147	119.41248	27.03146
49394854	1	0.476	119.41248	27.03146	119.41729	27.03148
49394473	1	0.015	119.41729	27.03148	119.41744	27.03148
49394474	1	0.029	119.41744	27.03148	119.41773	27.03149
49394477	1	0.277	119.41773	27.03149	119.42052	27.03168
49394481	1	0.204	119.42052	27.03168	119.42249	27.03219
49394491	1	0.667	119.42249	27.03219	119.42854	27.03476
49394492	1	0.01	119.42854	27.03476	119.42864	27.03477
49394488	1	0.03	119.42864	27.03477	119.42894	27.03482
49394486	1	0.53	119.42894	27.03482	119.43428	27.03484
49394295	1	0.476	119.43428	27.03484	119.43909	27.03469
49394301	1	0.82	119.43909	27.03469	119.44737	27.03437
49394497	1	2.234	119.44737	27.03437	119.46939	27.03727
49394501	1	0.07	119.46939	27.03727	119.47005	27.03749
49394505	1	1.219	119.47005	27.03749	119.48105	27.04213
49394509	1	0.0040	119.48105	27.04213	119.48108	27.04215
14726863	1	0.038	119.48108	27.04215	119.4813	27.04243
14726864	1	0.295	119.4813	27.04243	119.48268	27.04477
49394520	1	0.057	119.48268	27.04477	119.48289	27.04525
49394521	1	0.02	119.48289	27.04525	119.48297	27.04542
49394525	1	0.317	119.48297	27.04542	119.48412	27.04808
49394529	1	0.317	119.48412	27.04808	119.4853	27.05073
49394533	1	0.049	119.4853	27.05073	119.48548	27.05114
49394543	1	0.834	119.48548	27.05114	119.49122	27.05628
49394544	1	0.038	119.49122	27.05628	119.49159	27.05637
49394541	1	0.0050	119.49159	27.05637	119.49164	27.05638
49394547	1	0.868	119.49164	27.05638	119.5	27.05528
49394550	1	0.113	119.5	27.05528	119.5009	27.05465
49394553	1	0.0030	119.5009	27.05465	119.50092	27.05463
49394563	1	0.069	119.50092	27.05463	119.50142	27.0542
49394567	1	0.04	119.50142	27.0542	119.50169	27.05393
49394568	1	0.53	119.50169	27.05393	119.50528	27.05043
49394577	1	0.091	119.50528	27.05043	119.50605	27.04999
49394578	1	0.026	119.50605	27.04999	119.50628	27.04987
49394575	1	0.536	119.50628	27.04987	119.51124	27.04793
49394579	1	0.297	119.51124	27.04793	119.51387	27.04667
49394583	1	0.129	119.51387	27.04667	119.51478	27.04584
49394591	1	0.164	119.51478	27.04584	119.51565	27.04459
49394592	1	0.297	119.51565	27.04459	119.51624	27.04199
49394595	1	0.036	119.51624	27.04199	119.51625	27.04167
49394599	1	0.349	119.51625	27.04167	119.51675	27.03858
49394603	1	0.11	119.51675	27.03858	119.51717	27.03767
49394607	1	0.231	119.51717	27.03767	119.51848	27.03596
49394611	1	0.123	119.51848	27.03596	119.51938	27.0352
49394615	1	0.393	119.51938	27.0352	119.52292	27.03368
49394635	1	1.278	119.52292	27.03368	119.5351	27.03076
49394639	1	0.014	119.5351	27.03076	119.53523	27.0307
49394640	1	0.051	119.53523	27.0307	119.5357	27.03052
49394625	1	0.61	119.5357	27.03052	119.54175	27.03006
49394631	1	0.089	119.54175	27.03006	119.54261	27.0303
49394632	1	0.112	119.54261	27.0303	119.54368	27.03062
49394645	1	0.031	119.54368	27.03062	119.54397	27.03073
49394649	1	0.222	119.54397	27.03073	119.54589	27.03176
49394657	1	0.24	119.54589	27.03176	119.5477	27.03318
49394658	1	0.127	119.5477	27.03318	119.54847	27.03409
49394659	1	0.125	119.54847	27.03409	119.54914	27.03504
49394661	1	0.607	119.54914	27.03504	119.55075	27.04028
49394665	1	0.366	119.55075	27.04028	119.55106	27.04356
49394667	1	0.034	119.55106	27.04356	119.55112	27.04386
49394673	1	0.055	119.55112	27.04386	119.55121	27.04435
49394677	1	0.597	119.55121	27.04435	119.55378	27.04915
49394679	1	0.051	119.55378	27.04915	119.55413	27.04949
49394730	1	0.108	119.55413	27.04949	119.55488	27.0502
49394731	1	0.314	119.55488	27.0502	119.55742	27.05188
49394732	1	0.169	119.55742	27.05188	119.55889	27.05265
49394733	1	0.325	119.55889	27.05265	119.56138	27.05451
49394742	1	0.06	119.56138	27.05451	119.56178	27.05492
49394744	1	0.02	119.56178	27.05492	119.56191	27.05506
49394745	1	0.016	119.56191	27.05506	119.56202	27.05517
49394748	1	0.586	119.56202	27.05517	119.56533	27.05951
49394752	1	0.064	119.56533	27.05951	119.56583	27.05988
49394756	1	0.018	119.56583	27.05988	119.56596	27.05999
49394764	1	0.216	119.56596	27.05999	119.56783	27.06098
49394765	1	0.228	119.56783	27.06098	119.57009	27.06136
14726865	1	0.438	119.57009	27.06136	119.5745	27.06105
14726866	1	0.755	119.5745	27.06105	119.5821	27.06043
49394766	1	0.646	119.5821	27.06043	119.58823	27.05851
49394778	1	1.039	119.58823	27.05851	119.59766	27.05481
49394779	1	0.015	119.59766	27.05481	119.59781	27.0548
49394777	1	0.056	119.59781	27.0548	119.59838	27.05478
49394775	1	2.767	119.59838	27.05478	119.625	27.0623
49394792	1	1.338	119.625	27.0623	119.63786	27.06598
49394790	1	0.068	119.63786	27.06598	119.63854	27.06609
49394791	1	0.039	119.63854	27.06609	119.63893	27.06616
14726867	1	0.26	119.63893	27.06616	119.64154	27.06641
14726868	1	0.291	119.64154	27.06641	119.64448	27.06645
49394797	1	0.784	119.64448	27.06645	119.65203	27.06457
49394809	1	0.155	119.65203	27.06457	119.65342	27.06392
49394813	1	0.04	119.65342	27.06392	119.65378	27.06375
49394814	1	0.049	119.65378	27.06375	119.65424	27.06358
49394807	1	0.0050	119.65424	27.06358	119.65428	27.06356
49394819	1	0.978	119.65428	27.06356	119.66399	27.0621
49394825	1	0.015	119.66399	27.0621	119.66414	27.06206
49394826	1	0.015	119.66414	27.06206	119.66429	27.06202
49394822	1	0.486	119.66429	27.06202	119.66887	27.06048
49394335	1	0.049	119.66887	27.06048	119.6693	27.06027
49394336	1	0.571	119.6693	27.06027	119.67394	27.05728
49394332	1	0.075	119.67394	27.05728	119.67446	27.05679
14726874	1	2.402	119.67446	27.05679	119.67927	27.0362
14726873	1	0.124	119.67927	27.0362	119.67899	27.03511
905920	1	0.98	119.67899	27.03511	119.6767	27.02652
886966	1	0.047	119.6767	27.02652	119.67658	27.02611
888413	1	3.033	119.67658	27.02611	119.68304	27.003
888412	1	0.322	119.68304	27.003	119.68573	27.0014
888408	1	0.261	119.68573	27.0014	119.68784	27.0
792570	1	0.586	119.68784	27.0	119.68951	26.99528
792569	1	0.016	119.68951	26.99528	119.68948	26.99514
789435	1	1.006	119.68948	26.99514	119.68909	26.98614
789433	1	1.884	119.68909	26.98614	119.69368	26.97112
789430	1	0.056	119.69368	26.97112	119.69332	26.97073
789438	1	0.125	119.69332	26.97073	119.69247	26.9699
789439	1	0.201	119.69247	26.9699	119.69113	26.96854
792563	1	0.241	119.69113	26.96854	119.68962	26.96684
792564	1	0.115	119.68962	26.96684	119.68891	26.96602
792560	1	0.142	119.68891	26.96602	119.688	26.96503
792561	1	5.951	119.688	26.96503	119.67014	26.91667
49392591	1	0.536	119.67014	26.91667	119.66822	26.91223
49392595	1	0.091	119.66822	26.91223	119.66782	26.91149
49392594	1	1.176	119.66782	26.91149	119.66644	26.90153
852303	1	0.189	119.66644	26.90153	119.66769	26.90024
852301	1	2.388	119.66769	26.90024	119.6793	26.88259
852291	1	0.778	119.6793	26.88259	119.68319	26.8768
49392601	1	0.138	119.68319	26.8768	119.68402	26.8758
49392600	1	0.0070	119.68402	26.8758	119.68406	26.87575
852329	1	1.533	119.68406	26.87575	119.69189	26.86405
852335	1	0.403	119.69189	26.86405	119.6933	26.86069
49392731	1	0.141	119.6933	26.86069	119.69333	26.85942
49392735	1	0.104	119.69333	26.85942	119.69316	26.8585
49392734	1	0.355	119.69316	26.8585	119.6922	26.85542
852366	1	1.145	119.6922	26.85542	119.69753	26.84691
14726936	1	1.146	119.69753	26.84691	119.70736	26.84277
14726935	1	0.068	119.70736	26.84277	119.70802	26.8426
850816	1	1.226	119.70802	26.8426	119.71897	26.83753
850879	1	0.041	119.71897	26.83753	119.71931	26.83732
852362	1	0.06	119.71931	26.83732	119.7198	26.837
14948458	1	0.329	119.7198	26.837	119.72196	26.8348
14948457	1	0.011	119.72196	26.8348	119.722	26.83471
850881	0	0.082	119.72218	26.83478	119.72181	26.83544
14726937	0	0.331	119.72181	26.83544	119.71955	26.8376
14726938	0	0.036	119.71955	26.8376	119.71927	26.83781
850815	0	1.259	119.71927	26.83781	119.70795	26.84281
850877	0	0.051	119.70795	26.84281	119.70744	26.84289
852283	0	0.809	119.70744	26.84289	119.69969	26.84464
852285	0	0.501	119.69969	26.84464	119.69665	26.84823
49392726	0	0.116	119.69665	26.84823	119.69585	26.84899
49392732	0	1.201	119.69585	26.84899	119.6933	26.85847
49392733	0	0.106	119.6933	26.85847	119.69347	26.85941
49392729	0	0.143	119.69347	26.85941	119.69345	26.86069
852338	0	0.411	119.69345	26.86069	119.69204	26.86413
49392598	0	1.545	119.69204	26.86413	119.68413	26.8759
49392599	0	0.018	119.68413	26.8759	119.68403	26.87604
852288	0	0.026	119.68403	26.87604	119.68388	26.87623
49392596	0	0.024	119.68388	26.87623	119.68373	26.8764
12512085	0	2.979	119.68373	26.8764	119.66955	26.89863
12512086	0	0.255	119.66955	26.89863	119.66783	26.90034
852299	0	0.188	119.66783	26.90034	119.66659	26.90162
49392592	0	1.161	119.66659	26.90162	119.66798	26.91144
49392593	0	0.09	119.66798	26.91144	119.66836	26.91218
49392589	0	0.541	119.66836	26.91218	119.67028	26.91667
789440	0	6.087	119.67028	26.91667	119.68903	26.96597
789432	0	0.36	119.68903	26.96597	119.69131	26.96849
792566	0	0.127	119.69131	26.96849	119.69216	26.96935
792565	0	0.195	119.69216	26.96935	119.69345	26.97067
789431	0	0.054	119.69345	26.97067	119.69381	26.97104
792562	0	0.053	119.69381	26.97104	119.69414	26.97142
792568	0	1.811	119.69414	26.97142	119.68934	26.9859
792567	0	0.036	119.68934	26.9859	119.68921	26.9862
789434	0	0.999	119.68921	26.9862	119.68962	26.99514
789442	0	0.597	119.68962	26.99514	119.68806	27.0
888409	0	0.278	119.68806	27.0	119.68581	27.00149
888410	0	0.325	119.68581	27.00149	119.68309	27.00311
14726875	0	2.978	119.68309	27.00311	119.67691	27.02577
14726876	0	0.081	119.67691	27.02577	119.67709	27.02648
905921	0	0.976	119.67709	27.02648	119.6794	27.03503
886964	0	0.055	119.6794	27.03503	119.67955	27.03551
14948455	0	2.282	119.67955	27.03551	119.67561	27.05523
14948456	0	0.211	119.67561	27.05523	119.67456	27.05687
49394330	0	0.075	119.67456	27.05687	119.67407	27.05738
49394316	0	0.578	119.67407	27.05738	119.66936	27.0604
49394338	0	0.049	119.66936	27.0604	119.66892	27.06061
49394824	0	0.49	119.66892	27.06061	119.66437	27.06232
49394828	0	0.012	119.66437	27.06232	119.66425	27.06235
49394827	0	0.019	119.66425	27.06235	119.66406	27.06239
49394817	0	0.972	119.66406	27.06239	119.6544	27.06384
49394803	0	0.0050	119.6544	27.06384	119.65436	27.06386
49394816	0	0.046	119.65436	27.06386	119.65393	27.06402
49394815	0	0.04	119.65393	27.06402	119.65357	27.06418
49394811	0	0.157	119.65357	27.06418	119.65217	27.06484
49394799	0	0.796	119.65217	27.06484	119.6445	27.06675
14726870	0	0.259	119.6445	27.06675	119.64189	27.06673
14726869	0	0.302	119.64189	27.06673	119.63886	27.06646
49394789	0	0.035	119.63886	27.06646	119.63851	27.0664
49394788	0	0.069	119.63851	27.0664	119.63782	27.06629
49394780	0	1.334	119.63782	27.06629	119.625	27.0626
49394272	0	0.0040	119.625	27.0626	119.62496	27.06259
49394773	0	2.763	119.62496	27.06259	119.59838	27.05509
49394772	0	1.065	119.59838	27.05509	119.58863	27.05863
49394770	0	0.028	119.58863	27.05863	119.58839	27.05876
49394768	0	0.66	119.58839	27.05876	119.58214	27.06073
49394759	0	1.199	119.58214	27.06073	119.57007	27.06166
49394763	0	0.24	119.57007	27.06166	119.5677	27.06124
49394762	0	0.229	119.5677	27.06124	119.56571	27.06021
49394754	0	0.024	119.56571	27.06021	119.56554	27.06006
49394750	0	0.062	119.56554	27.06006	119.56508	27.05968
49394746	0	0.589	119.56508	27.05968	119.56173	27.05533
49394739	0	0.016	119.56173	27.05533	119.56162	27.05522
49394741	0	0.016	119.56162	27.05522	119.56151	27.05511
49394740	0	0.058	119.56151	27.05511	119.56112	27.05472
49394726	0	0.311	119.56112	27.05472	119.55878	27.05287
49394729	0	0.171	119.55878	27.05287	119.55727	27.05212
49394728	0	0.319	119.55727	27.05212	119.55468	27.05043
49394703	0	0.113	119.55468	27.05043	119.55389	27.04969
49394681	0	0.053	119.55389	27.04969	119.55353	27.04934
49394675	0	0.615	119.55353	27.04934	119.5509	27.04438
49394671	0	0.052	119.5509	27.04438	119.55082	27.04392
49394669	0	0.035	119.55082	27.04392	119.55076	27.04361
49394663	0	1.091	119.55076	27.04361	119.54819	27.0342
49394656	0	0.122	119.54819	27.0342	119.54743	27.03334
49394655	0	0.231	119.54743	27.03334	119.54568	27.03197
49394647	0	0.213	119.54568	27.03197	119.54383	27.031
49394643	0	0.088	119.54383	27.031	119.54299	27.03073
49394634	0	0.049	119.54299	27.03073	119.54252	27.03059
49394633	0	0.089	119.54252	27.03059	119.54166	27.03035
49394623	0	0.59	119.54166	27.03035	119.53581	27.03079
49394642	0	0.046	119.53581	27.03079	119.53539	27.03096
49394641	0	0.015	119.53539	27.03096	119.53525	27.03102
49394637	0	1.287	119.53525	27.03102	119.52299	27.03397
49394617	0	0.375	119.52299	27.03397	119.5196	27.03541
49394613	0	0.119	119.5196	27.03541	119.51873	27.03615
49394609	0	0.217	119.51873	27.03615	119.51747	27.03774
49394605	0	0.106	119.51747	27.03774	119.51705	27.03862
49394601	0	0.344	119.51705	27.03862	119.51655	27.04167
49394597	0	0.036	119.51655	27.04167	119.51654	27.04199
49394594	0	0.309	119.51654	27.04199	119.51594	27.0447
49394593	0	0.171	119.51594	27.0447	119.51505	27.04601
49394585	0	0.137	119.51505	27.04601	119.51408	27.04689
49394581	0	0.306	119.51408	27.04689	119.51137	27.0482
49394573	0	0.532	119.51137	27.0482	119.50645	27.05012
49394571	0	0.117	119.50645	27.05012	119.50545	27.05068
49394566	0	0.519	119.50545	27.05068	119.50193	27.05411
49394565	0	0.039	119.50193	27.05411	119.50167	27.05437
49394561	0	0.075	119.50167	27.05437	119.50113	27.05484
49394555	0	0.0030	119.50113	27.05484	119.50111	27.05486
49394552	0	0.139	119.50111	27.05486	119.5	27.05562
49394540	0	0.876	119.5	27.05562	119.49155	27.05666
49394539	0	0.0050	119.49155	27.05666	119.4915	27.05665
49394546	0	0.039	119.4915	27.05665	119.49112	27.05656
49394545	0	0.864	119.49112	27.05656	119.48519	27.05122
49394531	0	0.053	119.48519	27.05122	119.48499	27.05078
49394527	0	0.312	119.48499	27.05078	119.48382	27.04817
49394523	0	0.397	119.48382	27.04817	119.48237	27.04484
49394517	0	0.233	119.48237	27.04484	119.48132	27.04297
49394513	0	0.02	119.48132	27.04297	119.48121	27.04282
49394511	0	0.061	119.48121	27.04282	119.48086	27.04237
49394507	0	0.0040	119.48086	27.04237	119.48083	27.04234
49394503	0	1.208	119.48083	27.04234	119.46991	27.03776
49394499	0	0.064	119.46991	27.03776	119.4693	27.03756
49394495	0	2.205	119.4693	27.03756	119.44757	27.03466
49394299	0	0.793	119.44757	27.03466	119.43957	27.03497
49394297	0	0.555	119.43957	27.03497	119.43397	27.03515
49394484	0	0.503	119.43397	27.03515	119.4289	27.03512
49394490	0	0.031	119.4289	27.03512	119.42859	27.03507
49394494	0	0.0090	119.42859	27.03507	119.4285	27.03506
49394493	0	0.871	119.4285	27.03506	119.42048	27.03198
49394475	0	0.272	119.42048	27.03198	119.41774	27.03179
49394451	0	0.032	119.41774	27.03179	119.41742	27.03178
49394453	0	0.013	119.41742	27.03178	119.41729	27.03178
49394452	0	0.475	119.41729	27.03178	119.41249	27.03176
49394856	0	0.073	119.41249	27.03176	119.41175	27.03177
85239594	0	1.232	119.41175	27.03177	119.39956	27.0335
85239593	0	0.059	119.39956	27.0335	119.399	27.03369
49394465	0	0.145	119.399	27.03369	119.3977	27.0343
49394463	0	0.027	119.3977	27.0343	119.39746	27.03442
49394458	0	0.187	119.39746	27.03442	119.3958	27.03523
49394281	0	0.129	119.3958	27.03523	119.39467	27.0358
49394435	0	1.01	119.39467	27.0358	119.38632	27.04092
14726862	0	0.04	119.38632	27.04092	119.38607	27.0412
14726861	0	0.039	119.38607	27.0412	119.38584	27.04148
49394432	0	0.678	119.38584	27.04148	119.38278	27.04691
49394430	0	0.0050	119.38278	27.04691	119.38276	27.04695
49394443	0	0.146	119.38276	27.04695	119.38217	27.04815
49394445	0	0.069	119.38217	27.04815	119.3819	27.04872
49394444	0	0.549	119.3819	27.04872	119.37963	27.05323
49394422	0	0.123	119.37963	27.05323	119.37892	27.05413
49394416	0	0.131	119.37892	27.05413	119.37806	27.05503
49394415	0	0.018	119.37806	27.05503	119.37794	27.05515
49394414	0	0.027	119.37794	27.05515	119.37776	27.05533
49394409	0	0.353	119.37776	27.05533	119.375	27.05733
49394402	0	0.462	119.375	27.05733	119.37068	27.05884
49394401	0	0.031	119.37068	27.05884	119.37037	27.05889
49394397	0	0.04	119.37037	27.05889	119.36997	27.05895
49394393	0	0.196	119.36997	27.05895	119.36799	27.05903
49394389	0	0.317	119.36799	27.05903	119.36479	27.05908
49394385	0	0.023	119.36479	27.05908	119.36456	27.05912
49394381	0	0.047	119.36456	27.05912	119.3641	27.05922
49394373	0	1.843	119.3641	27.05922	119.3496	27.06919
49394369	0	0.045	119.3496	27.06919	119.34916	27.0693
49394378	0	0.022	119.34916	27.0693	119.34895	27.06935
49394377	0	0.225	119.34895	27.06935	119.3467	27.0696
49394364	0	0.098	119.3467	27.0696	119.34571	27.06955
49394363	0	0.572	119.34571	27.06955	119.33996	27.06904
49394358	0	0.101	119.33996	27.06904	119.33895	27.06894
12833061	0	1.104	119.33895	27.06894	119.32813	27.06716
12833060	0	0.046	119.32813	27.06716	119.32767	27.06722
12833179	0	0.313	119.32767	27.06722	119.32453	27.06751
12833178	0	0.336	119.32453	27.06751	119.32116	27.06786
12833174	0	0.087	119.32116	27.06786	119.32031	27.06805
12833162	0	0.051	119.32031	27.06805	119.31982	27.0682
12833161	0	0.286	119.31982	27.0682	119.31726	27.06939
12833157	0	1.536	119.31726	27.06939	119.30282	27.07322
12833153	0	0.273	119.30282	27.07322	119.30009	27.07291
12833149	0	0.682	119.30009	27.07291	119.29323	27.07284
12833145	0	0.233	119.29323	27.07284	119.29089	27.07268
12833141	0	0.162	119.29089	27.07268	119.28927	27.07245
12833137	0	0.424	119.28927	27.07245	119.28501	27.07209
12833133	0	0.299	119.28501	27.07209	119.28199	27.07197
12833129	0	0.128	119.28199	27.07197	119.2807	27.07191
12833125	0	0.221	119.2807	27.07191	119.27847	27.07181
12833121	0	0.347	119.27847	27.07181	119.275	27.07138
12833120	0	0.095	119.275	27.07138	119.27407	27.07117
12833119	0	0.043	119.27407	27.07117	119.27365	27.07108
12833115	0	0.045	119.27365	27.07108	119.27321	27.07098
12833095	0	2.327	119.27321	27.07098	119.25	27.06937
12833112	0	0.033	119.2491	27.06981	119.24881	27.06995
12833111	0	0.243	119.24881	27.06995	119.24674	27.07113
12833100	0	0.04	119.24674	27.07113	119.24642	27.07135
12833099	0	0.102	119.24642	27.07135	119.24559	27.0719
12833082	0	0.824	119.24559	27.0719	119.23961	27.07703
12833072	0	0.048	119.23961	27.07703	119.23936	27.0774
12833075	0	0.059	119.23936	27.0774	119.23907	27.07786
12833063	0	0.64	119.23907	27.07786	119.23707	27.08333
12832959	0	1.035	119.23707	27.08333	119.23032	27.08999
12832963	0	0.123	119.23032	27.08999	119.22914	27.09033
12832971	0	0.288	119.22914	27.09033	119.22626	27.09063
12832970	0	0.036	119.22626	27.09063	119.2259	27.09062
12833043	0	0.021	119.2259	27.09062	119.22569	27.09062
12833042	0	1.822	119.22569	27.09062	119.20927	27.08439
12832979	0	0.198	119.20927	27.08439	119.20739	27.08498
12832983	0	0.911	119.20739	27.08498	119.19922	27.0885
12833027	0	0.163	119.19922	27.0885	119.19772	27.08909
12833031	0	0.034	119.19772	27.08909	119.19743	27.08925
12833035	0	0.127	119.19743	27.08925	119.19638	27.08991
12833034	0	0.024	119.19638	27.08991	119.19619	27.09005
12832991	0	0.509	119.19619	27.09005	119.19262	27.09334
12833025	0	0.044	119.19262	27.09334	119.19226	27.09358
12833024	0	0.716	119.19226	27.09358	119.18528	27.09459
12832999	0	0.786	119.18528	27.09459	119.17744	27.09383
12833017	0	0.066	119.17744	27.09383	119.17678	27.09393
12833016	0	0.025	119.17678	27.09393	119.17653	27.09398
12833014	0	0.046	119.17653	27.09398	119.17608	27.09409
12833009	0	1.605	119.17608	27.09409	119.1608	27.09892
12833008	0	3.769	119.1608	27.09892	119.125	27.11053
12886133	0	1.158	119.125	27.11053	119.11418	27.11448
12885893	0	0.073	119.11418	27.11448	119.11352	27.11478
12885894	0	0.054	119.11352	27.11478	119.11305	27.11502
12885890	0	0.027	119.11305	27.11502	119.11281	27.11514
12885887	0	1.329	119.11281	27.11514	119.10184	27.12204
12885891	0	0.024	119.10184	27.12204	119.10165	27.12217
12885923	0	0.066	119.10165	27.12217	119.10111	27.12252
12885927	0	0.462	119.10111	27.12252	119.09716	27.12471
12885951	0	0.035	119.09716	27.12471	119.09683	27.12483
14726851	0	0.162	119.09683	27.12483	119.09533	27.12541
14726852	0	0.231	119.09533	27.12541	119.09346	27.12665
12885954	0	0.062	119.09346	27.12665	119.09301	27.12703
12885943	0	0.353	119.09301	27.12703	119.09099	27.12962
12885947	0	0.221	119.09099	27.12962	119.09016	27.13147
12885959	0	0.789	119.09016	27.13147	119.08657	27.13776
12885963	0	0.3	119.08657	27.13776	119.08567	27.14033
12885971	0	1.114	119.08567	27.14033	119.07827	27.14777
12885972	0	0.332	119.07827	27.14777	119.07556	27.14951
12885979	0	0.947	119.07556	27.14951	119.06622	27.15121
12885980	0	0.258	119.06622	27.15121	119.06394	27.1523
12885997	0	2.198	119.06394	27.1523	119.04498	27.15668
14948483	0	0.026	119.04498	27.15668	119.04477	27.15654
14948484	0	0.264	119.04477	27.15654	119.04283	27.15492
12885993	0	0.862	119.04283	27.15492	119.03655	27.14956
12886001	0	0.175	119.03655	27.14956	119.03502	27.14877
12886002	0	0.489	119.03502	27.14877	119.03027	27.14761
12885908	0	0.199	119.03027	27.14761	119.02834	27.14712
12885904	0	0.293	119.02834	27.14712	119.02571	27.14592
12885900	0	0.297	119.02571	27.14592	119.02284	27.14521
12886012	0	1.39	119.02284	27.14521	119.0138	27.15338
12886013	0	0.031	119.0138	27.15338	119.01368	27.15364
12886020	0	0.441	119.01368	27.15364	119.0115	27.15708
12886021	0	0.215	119.0115	27.15708	119.01016	27.1586
12886016	0	0.191	119.01016	27.1586	119.00917	27.16007
12886017	0	0.901	119.00917	27.16007	119.00426	27.16667
12838025	0	0.359	119.00426	27.16667	119.00135	27.16859
12838026	0	0.231	119.00135	27.16859	119.0	27.17028
12838029	0	0.094	119.0	27.17028	118.99949	27.17099
12838033	0	0.134	118.99949	27.17099	118.99869	27.17196
12838037	0	0.144	118.99869	27.17196	118.99765	27.17286
12838043	0	0.672	118.99765	27.17286	118.99152	27.17536
12838044	0	0.157	118.99152	27.17536	118.99001	27.1758
12838047	0	0.094	118.99001	27.1758	118.98911	27.17607
12838059	0	0.226	118.98911	27.17607	118.98694	27.17672
12838060	0	0.522	118.98694	27.17672	118.98179	27.17763
12838065	0	0.08	118.98179	27.17763	118.98098	27.17764
12838067	0	0.356	118.98098	27.17764	118.97742	27.17719
12838075	0	0.401	118.97742	27.17719	118.97365	27.17587
12838076	0	0.152	118.97365	27.17587	118.97222	27.17537
12838095	0	0.063	118.97222	27.17537	118.9716	27.17524
12838096	0	0.027	118.9716	27.17524	118.97133	27.17519
12838094	0	0.021	118.97133	27.17519	118.97112	27.17516
12838099	0	3.881	118.97112	27.17516	118.9339	27.18507
12838103	0	0.23	118.9339	27.18507	118.93173	27.18581
14726603	0	0.347	118.93173	27.18581	118.92848	27.18699
14726604	0	0.07	118.92848	27.18699	118.92783	27.18723
12886128	0	1.025	118.92783	27.18723	118.91821	27.19068
12886129	0	0.091	118.91821	27.19068	118.91735	27.19098
12838290	0	2.04	118.91735	27.19098	118.90055	27.20059
12838115	0	0.125	118.90055	27.20059	118.90023	27.20167
12838119	0	0.129	118.90023	27.20167	118.90013	27.20283
12838293	0	0.467	118.90013	27.20283	118.9002	27.20703
12838412	0	0.06	118.9002	27.20703	118.90021	27.20757
12838413	0	3.284	118.90021	27.20757	118.89286	27.23615
12838131	0	0.088	118.89286	27.23615	118.89252	27.23688
12838132	0	0.042	118.89252	27.23688	118.89234	27.23722
12838135	0	0.309	118.89234	27.23722	118.89074	27.23961
12838147	0	0.092	118.89074	27.23961	118.89019	27.24028
12838148	0	0.044	118.89019	27.24028	118.88993	27.2406
12838144	0	0.652	118.88993	27.2406	118.88527	27.24473
12838151	0	0.253	118.88527	27.24473	118.88316	27.24602
12838153	0	0.029	118.88316	27.24602	118.8829	27.24615
12838154	0	0.866	118.8829	27.24615	118.875	27.24949
12838157	0	0.039	118.875	27.24949	118.87469	27.24971
12838158	0	0.054	118.87469	27.24971	118.87425	27.25
12838169	0	0.015	118.87425	27.25	118.87413	27.25008
12838170	0	0.032	118.87413	27.25008	118.87388	27.25026
12838167	0	0.672	118.87388	27.25026	118.87009	27.2552
12838181	0	0.045	118.87009	27.2552	118.86996	27.25559
12838182	0	0.032	118.86996	27.25559	118.86988	27.25587
12838177	0	0.88	118.86988	27.25587	118.86917	27.26375
12838187	0	0.085	118.86917	27.26375	118.8692	27.26451
12838191	0	0.444	118.8692	27.26451	118.86989	27.26845
12838193	0	0.074	118.86989	27.26845	118.87005	27.2691
12838199	0	0.659	118.87005	27.2691	118.87122	27.27493
12838207	0	0.023	118.87122	27.27493	118.87123	27.27514
12838208	0	0.049	118.87123	27.27514	118.87124	27.27558
12838211	0	1.537	118.87124	27.27558	118.86642	27.28856
12838223	0	0.042	118.86642	27.28856	118.86621	27.28889
12838224	0	0.038	118.86621	27.28889	118.86602	27.28919
12838220	0	3.315	118.86602	27.28919	118.84616	27.31323
12838227	0	0.422	118.84616	27.31323	118.84346	27.31617
12838235	0	0.072	118.84346	27.31617	118.84297	27.31665
12838236	0	2.268	118.84297	27.31665	118.82242	27.32504
12838239	0	0.085	118.82242	27.32504	118.82157	27.32517
12838245	0	0.311	118.82157	27.32517	118.81843	27.32523
12838249	0	0.778	118.81843	27.32523	118.81068	27.32522
12838253	0	0.337	118.81068	27.32522	118.80774	27.32674
12838257	0	0.063	118.80774	27.32674	118.8072	27.32704
12838259	0	0.318	118.8072	27.32704	118.80424	27.32811
12838281	0	1.125	118.80424	27.32811	118.79346	27.33081
12838283	0	0.029	118.79346	27.33081	118.79321	27.33094
12838284	0	0.017	118.79321	27.33094	118.79306	27.33102
12838270	0	0.263	118.79306	27.33102	118.79076	27.33222
12838273	0	0.046	118.79076	27.33222	118.79037	27.33245
12838277	0	0.062	118.79037	27.33245	118.78987	27.33278
12838278	0	0.092	118.78987	27.33278	118.78917	27.33333
14726848	0	0.631	118.78917	27.33333	118.78553	27.33795
14726847	0	0.186	118.78553	27.33795	118.7843	27.33922
12836120	0	0.031	118.7843	27.33922	118.78409	27.33943
12836110	0	0.359	118.78409	27.33943	118.78147	27.34167
12836225	0	0.547	118.78147	27.34167	118.77808	27.34553
12836235	0	0.098	118.77808	27.34553	118.77771	27.34635
12836234	0	0.817	118.77771	27.34635	118.77494	27.35316
14726842	0	1.497	118.77494	27.35316	118.76055	27.35404
14726841	0	0.31	118.76055	27.35404	118.75743	27.35436
12836240	0	0.227	118.75743	27.35436	118.75514	27.35456
12836236	0	0.373	118.75514	27.35456	118.75137	27.35478
12836082	0	0.135	118.75137	27.35478	118.75	27.35475
12836047	0	0.016	118.75	27.35475	118.74984	27.35474
12836089	0	0.54	118.74984	27.35474	118.74439	27.35456
12886107	0	0.082	118.74439	27.35456	118.74357	27.35465
14726840	0	0.538	118.74357	27.35465	118.73836	27.35599
14726839	0	0.118	118.73836	27.35599	118.73724	27.35637
12836136	0	0.128	118.73724	27.35637	118.73603	27.35678
12836153	0	0.087	118.73603	27.35678	118.73521	27.35706
12836157	0	0.034	118.73521	27.35706	118.73488	27.35716
12836156	0	0.079	118.73488	27.35716	118.73413	27.3574
12836129	0	2.551	118.73413	27.3574	118.70973	27.36495
12836167	0	0.051	118.70973	27.36495	118.70922	27.36502
12836166	0	0.08	118.70922	27.36502	118.70842	27.36512
12836249	0	0.81	118.70842	27.36512	118.70023	27.36519
12836248	0	0.534	118.70023	27.36519	118.69501	27.36405
85168698	0	0.62	118.69501	27.36405	118.69017	27.36055
85404371	0	0.391	118.69017	27.36055	118.68728	27.35815
85404370	0	0.92	118.68728	27.35815	118.67926	27.35407
85404365	0	0.301	118.67926	27.35407	118.67631	27.35339
85404364	0	0.148	118.67631	27.35339	118.67482	27.35321
12836256	0	0.449	118.67482	27.35321	118.67033	27.35362
12836267	0	4.126	118.67033	27.35362	118.63482	27.37117
12836266	0	0.269	118.63482	27.37117	118.63272	27.3727
12836275	0	0.242	118.63272	27.3727	118.63075	27.374
12836274	0	0.346	118.63075	27.374	118.62846	27.37633
12836367	0	0.23	118.62846	27.37633	118.62707	27.37799
12836366	0	0.132	118.62707	27.37799	118.6261	27.37881
12836364	0	0.0070	118.6261	27.37881	118.62605	27.37885
12836369	0	0.06	118.62605	27.37885	118.62559	27.3792
12836368	0	0.057	118.62559	27.3792	118.62511	27.37948
12836042	0	0.013	118.62511	27.37948	118.625	27.37955
12836183	0	0.01	118.625	27.37955	118.62492	27.3796
12836182	0	0.494	118.62492	27.3796	118.62034	27.38135
12836180	0	0.043	118.62034	27.38135	118.61993	27.38148
12836187	0	0.045	118.61993	27.38148	118.61951	27.38163
12836186	0	0.123	118.61951	27.38163	118.61835	27.38203
12836175	0	2.038	118.61835	27.38203	118.59976	27.38975
12836357	0	0.086	118.59976	27.38975	118.59908	27.39024
12836356	0	0.098	118.59908	27.39024	118.59831	27.3908
12836352	0	0.047	118.59831	27.3908	118.59795	27.39108
12836201	0	0.542	118.59795	27.39108	118.59408	27.39454
12836200	0	0.014	118.59408	27.39454	118.59399	27.39464
12836203	0	0.041	118.59399	27.39464	118.5937	27.39491
12836349	0	0.031	118.5937	27.39491	118.5935	27.39513
12836348	0	0.137	118.5935	27.39513	118.59261	27.39608
12836342	0	0.151	118.59261	27.39608	118.5915	27.39702
12836278	0	0.207	118.5915	27.39702	118.58983	27.39814
12836341	0	0.068	118.58983	27.39814	118.58924	27.39845
12836340	0	0.327	118.58924	27.39845	118.58612	27.39937
12836336	0	0.3	118.58612	27.39937	118.5831	27.39964
12836328	0	0.426	118.5831	27.39964	118.57884	27.4002
12836326	0	0.04	118.57884	27.4002	118.57845	27.4003
12836318	0	0.267	118.57845	27.4003	118.5759	27.40111
12836316	0	0.245	118.5759	27.40111	118.57362	27.40199
12836310	0	0.209	118.57362	27.40199	118.57175	27.40286
12836308	0	0.191	118.57175	27.40286	118.57008	27.40373
12836211	0	0.038	118.57008	27.40373	118.56975	27.4039
12836210	0	0.097	118.56975	27.4039	118.5689	27.40434
12836149	0	1.17	118.5689	27.40434	118.55924	27.41045
12836148	0	1.281	118.55924	27.41045	118.54771	27.4157
12836217	0	0.042	118.54771	27.4157	118.54732	27.41585
12836219	0	0.033	118.54732	27.41585	118.54701	27.41597
12836305	0	0.054	118.54701	27.41597	118.54651	27.41616
12836304	0	0.145	118.54651	27.41616	118.54516	27.41667
12836039	0	0.033	118.54516	27.41667	118.54485	27.41678
12836303	0	0.069	118.54485	27.41678	118.5442	27.41701
12836302	0	0.143	118.5442	27.41701	118.54288	27.41753
12836296	0	0.171	118.54288	27.41753	118.54134	27.41823
12836294	0	0.055	118.54134	27.41823	118.54087	27.4185
12836292	0	0.228	118.54087	27.4185	118.539	27.4197
12886103	0	0.058	118.539	27.4197	118.53854	27.42003
12886102	0	0.267	118.53854	27.42003	118.53627	27.42132
12886098	0	0.027	118.53627	27.42132	118.53602	27.42142
12836282	0	0.21	118.53602	27.42142	118.53398	27.42195
12836069	0	0.14	118.53398	27.42195	118.53259	27.42219
12836067	0	0.241	118.53259	27.42219	118.53025	27.42277
12836063	0	0.691	118.53025	27.42277	118.52494	27.42672
12836057	0	1.459	118.52494	27.42672	118.51829	27.43829
12836055	0	0.409	118.51829	27.43829	118.51561	27.44104
12836049	0	2.058	118.51561	27.44104	118.5	27.45315
12834262	0	1.675	118.5	27.45315	118.48762	27.46315
12834266	0	0.266	118.48762	27.46315	118.48607	27.46511
12834270	0	0.725	118.48607	27.46511	118.48172	27.47035
12834274	0	0.247	118.48172	27.47035	118.47965	27.47159
12834278	0	0.588	118.47965	27.47159	118.47395	27.47312
12834282	0	0.452	118.47395	27.47312	118.46998	27.47514
12834283	0	0.342	118.46998	27.47514	118.46707	27.47681
12834288	0	0.044	118.46707	27.47681	118.46669	27.47702
12834294	0	0.04	118.46669	27.47702	118.46638	27.47725
12834296	0	0.568	118.46638	27.47725	118.46151	27.47997
12834300	0	0.059	118.46151	27.47997	118.46098	27.48021
12834332	0	0.044	118.46098	27.48021	118.46057	27.48036
12834333	0	0.496	118.46057	27.48036	118.45571	27.48152
12834308	0	0.204	118.45571	27.48152	118.45367	27.48183
12834312	0	0.196	118.45367	27.48183	118.4517	27.48206
12834318	0	0.083	118.4517	27.48206	118.45087	27.48218
12834322	0	0.398	118.45087	27.48218	118.44684	27.48238
12834326	0	0.067	118.44684	27.48238	118.44616	27.48233
12834336	0	0.401	118.44616	27.48233	118.44218	27.48162
12834340	0	0.312	118.44218	27.48162	118.43915	27.48082
12834354	0	0.032	118.43915	27.48082	118.43884	27.48073
14726815	0	0.32	118.43884	27.48073	118.43572	27.47995
14726816	0	0.162	118.43572	27.47995	118.43411	27.47964
12834406	0	0.15	118.43411	27.47964	118.43261	27.47943
12834401	0	0.274	118.43261	27.47943	118.42985	27.4792
14726813	0	0.118	118.42985	27.4792	118.42867	27.47902
14726814	0	0.821	118.42867	27.47902	118.42112	27.47593
12834259	0	0.065	118.42112	27.47593	118.42051	27.4757
12834255	0	0.04	118.42051	27.4757	118.42014	27.47556
12834251	0	0.485	118.42014	27.47556	118.41578	27.47355
12834247	0	0.03	118.41578	27.47355	118.41555	27.47337
12834245	0	0.073	118.41555	27.47337	118.41495	27.47298
14726809	0	1.303	118.41495	27.47298	118.40356	27.46733
14726810	0	0.233	118.40356	27.46733	118.40125	27.46688
12834237	0	0.052	118.40125	27.46688	118.40073	27.46678
12834233	0	0.569	118.40073	27.46678	118.39531	27.46508
12834231	0	0.1	118.39531	27.46508	118.39444	27.46462
12834223	0	0.421	118.39444	27.46462	118.39102	27.46236
12834219	0	0.3	118.39102	27.46236	118.38872	27.46059
12834215	0	1.383	118.38872	27.46059	118.37902	27.45166
12834211	0	0.396	118.37902	27.45166	118.37657	27.44884
12834207	0	0.251	118.37657	27.44884	118.375	27.44706
12834202	0	0.814	118.375	27.44706	118.36892	27.4422
12834203	0	0.419	118.36892	27.4422	118.36497	27.44085
12834199	0	1.589	118.36497	27.44085	118.34926	27.4383
12834397	0	0.345	118.34926	27.4383	118.34624	27.43675
12834398	0	0.201	118.34624	27.43675	118.34463	27.43564
12834393	0	0.452	118.34463	27.43564	118.34117	27.43297
12834394	0	0.74	118.34117	27.43297	118.3352	27.42897
12834165	0	0.085	118.3352	27.42897	118.33443	27.42863
12834161	0	0.539	118.33443	27.42863	118.32942	27.42671
12834157	0	0.151	118.32942	27.42671	118.32795	27.42632
12834153	0	0.052	118.32795	27.42632	118.32744	27.4262
12834149	0	0.352	118.32744	27.4262	118.3239	27.42585
12834145	0	0.025	118.3239	27.42585	118.32365	27.42585
12834373	0	0.082	118.32365	27.42585	118.32282	27.42588
12834378	0	0.098	118.32282	27.42588	118.32184	27.42603
12834137	0	1.139	118.32184	27.42603	118.31226	27.4314
12834391	0	0.655	118.31226	27.4314	118.30698	27.43496
12834392	0	0.039	118.30698	27.43496	118.30666	27.43517
12834129	0	0.319	118.30666	27.43517	118.30438	27.4372
12834130	0	0.239	118.30438	27.4372	118.30278	27.43882
12834126	0	2.358	118.30278	27.43882	118.28227	27.43718
12834122	0	0.024	118.28227	27.43718	118.28203	27.43716
12834120	0	0.075	118.28203	27.43716	118.28127	27.43709
12834114	0	0.851	118.28127	27.43709	118.27282	27.43817
12834110	0	0.086	118.27282	27.43817	118.27208	27.43858
12834104	0	0.059	118.27208	27.43858	118.27158	27.43887
12834101	0	0.03	118.27158	27.43887	118.27133	27.43902
12834102	0	0.16	118.27133	27.43902	118.26997	27.4398
12834094	0	0.816	118.26997	27.4398	118.26308	27.44386
12834074	0	0.142	118.26308	27.44386	118.26184	27.4445
12834072	0	0.02	118.26184	27.4445	118.26166	27.44459
12834085	0	0.363	118.26166	27.44459	118.25837	27.44605
12834089	0	0.023	118.25837	27.44605	118.25816	27.44613
12834090	0	0.021	118.25816	27.44613	118.25797	27.44621
12834062	0	0.038	118.25797	27.44621	118.25762	27.44636
12834060	0	0.14	118.25762	27.44636	118.25626	27.44673
12834379	0	0.088	118.25626	27.44673	118.25539	27.44691
12834380	0	0.063	118.25539	27.44691	118.25477	27.44705
12834050	0	0.354	118.25477	27.44705	118.25119	27.44724
12834042	0	0.027	118.25119	27.44724	118.25092	27.44723
12834047	0	0.063	118.25092	27.44723	118.25028	27.44718
12834048	0	0.028	118.25028	27.44718	118.25	27.44713
12835080	0	0.6	118.25	27.44713	118.24394	27.44713
12835081	0	0.191	118.24394	27.44713	118.24203	27.44744
12835128	0	0.049	118.24203	27.44744	118.24154	27.44752
12835144	0	0.027	118.24154	27.44752	118.24127	27.44756
12835145	0	0.04	118.24127	27.44756	118.24087	27.44762
12835072	0	3.462	118.24087	27.44762	118.20631	27.45305
12835146	0	0.03	118.20631	27.45305	118.20601	27.45311
12835147	0	0.037	118.20601	27.45311	118.20565	27.45319
12835131	0	0.389	118.20565	27.45319	118.20183	27.45404
12835065	0	0.26	118.20183	27.45404	118.19944	27.45501
12835063	0	1.156	118.19944	27.45501	118.18952	27.46043
12835057	0	0.471	118.18952	27.46043	118.18521	27.46225
12835053	0	1.473	118.18521	27.46225	118.17091	27.46062
12835016	0	0.185	118.17091	27.46062	118.16914	27.46007
12835132	0	2.487	118.16914	27.46007	118.14756	27.44965
12835133	0	0.063	118.14756	27.44965	118.14692	27.44971
12835097	0	0.067	118.14692	27.44971	118.14625	27.44978
12835049	0	0.853	118.14625	27.44978	118.13793	27.45181
12835134	0	0.029	118.13793	27.45181	118.13765	27.45189
12835135	0	0.04	118.13765	27.45189	118.13726	27.452
12835099	0	1.248	118.13726	27.452	118.125	27.45455
14726791	0	0.375	118.125	27.45455	118.1212	27.45462
14726792	0	0.953	118.1212	27.45462	118.11251	27.45805
12835041	0	0.32	118.11251	27.45805	118.10965	27.45939
12835102	0	0.32	118.10965	27.45939	118.10649	27.45999
12835103	0	0.02	118.10649	27.45999	118.10629	27.46001
12835114	0	0.158	118.10629	27.46001	118.10469	27.46007
12835115	0	0.182	118.10469	27.46007	118.10286	27.45991
14726787	0	0.299	118.10286	27.45991	118.09987	27.45944
14726788	0	0.157	118.09987	27.45944	118.0983	27.45918
12835111	0	0.493	118.0983	27.45918	118.09338	27.45837
12835033	0	0.446	118.09338	27.45837	118.08892	27.45771
12835029	0	0.434	118.08892	27.45771	118.08466	27.45672
12835027	0	0.437	118.08466	27.45672	118.08051	27.45534
12835104	0	0.718	118.08051	27.45534	118.07416	27.4522
12835105	0	0.134	118.07416	27.4522	118.07304	27.45152
12835122	0	0.298	118.06758	27.45202	118.06696	27.45464
12835123	0	2.731	118.06696	27.45464	118.06275	27.47837
935591	0	0.434	118.06275	27.47837	118.06316	27.4822
935592	0	0.316	118.06316	27.4822	118.06486	27.48461
935597	0	0.233	118.06486	27.48461	118.06646	27.48615
935598	0	0.018	118.06646	27.48615	118.0666	27.48625
935585	0	0.193	118.07031	27.49044	118.0686	27.49122
935603	0	0.07	118.0686	27.49122	118.06816	27.49171
935604	0	0.987	118.06816	27.49171	118.06507	27.5
883422	0	0.716	118.06507	27.5	118.06014	27.50402
883401	0	0.494	118.06014	27.50402	118.05523	27.50485
883400	0	0.788	118.05523	27.50485	118.04804	27.50792
883425	0	0.448	118.04804	27.50792	118.04358	27.50862
883426	0	0.046	118.04358	27.50862	118.04311	27.50864
883423	0	0.42	118.04311	27.50864	118.03888	27.50832
883424	0	0.076	118.03888	27.50832	118.03812	27.50821
883415	0	0.388	118.03812	27.50821	118.03432	27.50731
883414	0	0.092	118.03432	27.50731	118.03343	27.50708
883417	0	0.268	118.03343	27.50708	118.03089	27.50622
14726786	0	0.064	118.03089	27.50622	118.03029	27.506
14726785	0	3.377	118.03029	27.506	118.0	27.51472
846300	0	0.446	118.0	27.51472	117.99717	27.51782
14809725	0	0.184	117.99717	27.51782	117.99649	27.51936
14809724	0	0.075	117.99649	27.51936	117.99624	27.52
846348	0	0.065	117.99624	27.52	117.99604	27.52056
846369	0	0.535	117.99604	27.52056	117.99356	27.52483
846367	0	0.153	117.99356	27.52483	117.99259	27.52591
846353	0	0.305	117.99259	27.52591	117.99071	27.52809
846351	0	0.77	117.99071	27.52809	117.98775	27.53449
846326	0	0.02	117.98775	27.53449	117.98765	27.53465
846325	0	0.274	117.98765	27.53465	117.98628	27.5368
12837120	0	1.055	117.98628	27.5368	117.98593	27.54609
12837119	0	0.065	117.98593	27.54609	117.98602	27.54667
12837232	0	0.106	117.98602	27.54667	117.98614	27.54762
12837231	0	0.802	117.98614	27.54762	117.98626	27.55482
12837228	0	0.182	117.98626	27.55482	117.98613	27.55645
12837227	0	1.253	117.98613	27.55645	117.98997	27.56699
846314	0	0.217	117.98997	27.56699	117.99102	27.56871
846311	0	1.328	117.99102	27.56871	117.99108	27.58014
846306	0	0.345	117.99108	27.58014	117.9905	27.58319
846302	0	0.016	117.9905	27.58319	117.99049	27.58333
788453	0	2.203	117.99049	27.58333	117.99679	27.60212
789989	0	0.091	117.99679	27.60212	117.99709	27.6029
790048	0	0.08	117.99709	27.6029	117.99728	27.6036
790050	0	0.217	117.99728	27.6036	117.99759	27.60553
14726761	0	0.333	117.99759	27.60553	117.99728	27.60851
14726762	0	0.137	117.99728	27.60851	117.99698	27.60971
790034	0	1.929	117.99698	27.60971	117.99389	27.62525
790018	0	0.53	117.99389	27.62525	117.99785	27.62848
790013	0	0.288	117.99785	27.62848	118.0	27.63024
862521	0	0.275	118.0	27.63024	118.00202	27.63194
862525	0	0.235	118.00202	27.63194	118.00349	27.6336
862529	0	2.08	118.00349	27.6336	118.01163	27.65077
862533	0	0.296	118.01163	27.65077	118.0123	27.65337
862535	0	1.618	118.0123	27.65337	118.0188	27.66667
1434578	0	0.257	118.0188	27.66667	118.02005	27.6687
1434579	0	0.183	118.02005	27.6687	118.02092	27.67016
1434582	0	2.036	118.02092	27.67016	118.02661	27.68768
1434586	0	0.99	118.02661	27.68768	118.02982	27.69612
12837138	0	0.012	118.02982	27.69612	118.02984	27.69623
12837151	0	0.242	118.02984	27.69623	118.03008	27.6984
12837152	0	0.126	118.03008	27.6984	118.03004	27.69953
12837155	0	0.561	118.03004	27.69953	118.02903	27.70449
12837156	0	2.185	118.02903	27.70449	118.03011	27.72356
12837039	0	0.192	118.03011	27.72356	118.03149	27.72478
12837043	0	0.671	118.03149	27.72478	118.0367	27.72866
12837047	0	0.223	118.0367	27.72866	118.03794	27.73033
12837051	0	0.593	118.03794	27.73033	118.03944	27.73547
12837055	0	0.53	118.03944	27.73547	118.04051	27.74014
12837059	0	0.701	118.04051	27.74014	118.04473	27.74518
12837063	0	0.209	118.04473	27.74518	118.04598	27.7467
12837087	0	0.016	118.04598	27.7467	118.04606	27.74683
12837089	0	0.03	118.04606	27.74683	118.04622	27.74706
12837090	0	0.044	118.04622	27.74706	118.04644	27.7474
12837070	0	0.31	118.04644	27.7474	118.04754	27.75
12837073	0	0.097	118.04754	27.75	118.04769	27.75086
12837081	0	0.022	118.04769	27.75086	118.04771	27.75106
12837082	0	0.037	118.04771	27.75106	118.04771	27.75139
12837080	0	0.592	118.04771	27.75139	118.04696	27.75664
12837032	0	0.411	118.04696	27.75664	118.0475	27.76031
12837028	0	0.92	118.0475	27.76031	118.04434	27.76762
12837022	0	0.686	118.04434	27.76762	118.03855	27.77106
12837018	0	2.104	118.03855	27.77106	118.01771	27.77168
12837014	0	0.393	118.01771	27.77168	118.01376	27.77132
12837091	0	0.019	118.01376	27.77132	118.01357	27.77135
12837093	0	0.017	118.01357	27.77135	118.0134	27.77137
12837094	0	0.039	118.0134	27.77137	118.01301	27.77142
12837099	0	0.031	118.00041	27.77798	118.00013	27.77811
12837101	0	0.0080	118.00013	27.77811	118.00006	27.77814
12837102	0	0.0070	118.00006	27.77814	118.0	27.77817
12836997	0	0.011	118.0	27.77817	117.9999	27.77821
12836998	0	0.323	117.9999	27.77821	117.99672	27.77889
12836994	0	2.413	117.99672	27.77889	117.98101	27.79451
12836990	0	0.143	117.98101	27.79451	117.9799	27.79534
12837117	0	0.106	117.9799	27.79534	117.97905	27.79592
86392121	0	0.018	117.97905	27.79592	117.9789	27.79601
86392144	0	0.293	117.9789	27.79601	117.97632	27.79733
86392143	0	0.139	117.97632	27.79733	117.97507	27.79791
14809727	0	0.363	117.97507	27.79791	117.97185	27.79951
14809726	0	0.06	117.97185	27.79951	117.97132	27.79977
86392139	0	0.095	117.97132	27.79977	117.97049	27.8002
86392117	0	0.279	117.97049	27.8002	117.96801	27.80142
86392113	0	0.212	117.96801	27.80142	117.96611	27.80233
86392091	0	0.01	117.96611	27.80233	117.96602	27.80237
86392110	0	0.0050	117.96602	27.80237	117.96598	27.80239
86392109	0	0.0070	117.96598	27.80239	117.96592	27.80242
86392105	0	0.301	117.96592	27.80242	117.96323	27.80371
86392099	0	0.0060	117.96323	27.80371	117.96318	27.80374
86392097	0	0.014	117.96318	27.80374	117.96306	27.8038
86392087	0	0.311	117.96306	27.8038	117.96029	27.80515
86392083	0	0.065	117.96029	27.80515	117.95974	27.80547
86392079	0	0.025	117.95974	27.80547	117.95953	27.80559
86392072	0	0.11	117.95953	27.80559	117.95864	27.80619
86392071	0	0.426	117.95864	27.80619	117.95568	27.80898
86392068	0	0.0070	117.95568	27.80898	117.95563	27.80903
86392074	0	0.203	117.95563	27.80903	117.95426	27.8104
86392073	0	0.181	117.95426	27.8104	117.95304	27.81162
86392063	0	0.097	117.95304	27.81162	117.95236	27.81225
86392038	0	0.324	117.95236	27.81225	117.94967	27.8139
86392034	0	0.156	117.94967	27.8139	117.9482	27.81442
86392030	0	0.208	117.9482	27.81442	117.94613	27.81479
86392026	0	0.028	117.94613	27.81479	117.94585	27.81483
86392010	0	0.025	117.94585	27.81483	117.9456	27.81486
86392015	0	0.03	117.9456	27.81486	117.9453	27.8149
86392025	0	0.561	117.9453	27.8149	117.93973	27.81597
86392024	0	0.024	117.93973	27.81597	117.9395	27.81604
86392018	0	0.025	117.9395	27.81604	117.93926	27.81612
86392002	0	0.214	117.93926	27.81612	117.93721	27.81678
86391998	0	0.223	117.93721	27.81678	117.93511	27.81754
86391994	0	0.237	117.93511	27.81754	117.93291	27.81841
86391979	0	0.03	117.93291	27.81841	117.93263	27.81852
86391993	0	0.031	117.93263	27.81852	117.93234	27.81863
86391992	0	0.034	117.93234	27.81863	117.93202	27.81875
86391986	0	2.358	117.93202	27.81875	117.91564	27.83333
86391784	0	0.084	117.91564	27.83333	117.91522	27.83399
86391985	0	1.134	117.91522	27.83399	117.91111	27.84341
86391984	0	0.034	117.91111	27.84341	117.91106	27.84371
86391972	0	0.025	117.91106	27.84371	117.91104	27.84393
86391970	0	0.194	117.91104	27.84393	117.91057	27.84563
86391965	0	0.184	117.91057	27.84563	117.9099	27.84717
86391964	0	0.447	117.9099	27.84717	117.9074	27.85053
86391954	0	0.414	117.9074	27.85053	117.90502	27.8536
86391950	0	0.259	117.90502	27.8536	117.90389	27.85569
86391938	0	0.011	117.90389	27.85569	117.90385	27.85578
86392152	0	0.017	117.90385	27.85578	117.9038	27.85593
86392151	0	0.018	117.9038	27.85593	117.90375	27.85609
86391949	0	0.705	117.90375	27.85609	117.90384	27.86236
86391948	0	0.017	117.90384	27.86236	117.90387	27.86251
86391930	0	0.113	117.90387	27.86251	117.90398	27.86352
86391926	0	0.518	117.90398	27.86352	117.904	27.86816
86391922	0	0.67	117.904	27.86816	117.90147	27.8737
86391916	0	0.555	117.90147	27.8737	117.89758	27.87729
86391912	0	0.305	117.89758	27.87729	117.89523	27.87908
86391910	0	0.154	117.89523	27.87908	117.89415	27.88008
86391908	0	0.739	117.89415	27.88008	117.88962	27.88529
86391902	0	0.072	117.88962	27.88529	117.88904	27.88569
86391900	0	0.213	117.88904	27.88569	117.88732	27.88686
86391894	0	0.04	117.88732	27.88686	117.887	27.88708
86391892	0	1.091	117.887	27.88708	117.88018	27.89462
86391881	0	0.0080	117.88018	27.89462	117.88014	27.89468
86391885	0	0.012	117.88014	27.89468	117.88008	27.89477
86391884	0	0.754	117.88008	27.89477	117.8755	27.90016
86391779	0	0.065	117.8755	27.90016	117.875	27.90054
86391889	0	0.13	117.875	27.90054	117.87397	27.90128
86391888	0	0.025	117.87397	27.90128	117.87377	27.90142
86391870	0	0.022	117.87377	27.90142	117.87359	27.90154
86391868	0	0.396	117.87359	27.90154	117.87034	27.90362
86391866	0	0.249	117.87034	27.90362	117.86929	27.90565
86391860	0	0.2	117.86929	27.90565	117.86876	27.90738
86391858	0	0.376	117.86876	27.90738	117.86682	27.91025
86391843	0	0.022	117.86682	27.91025	117.86668	27.91041
86391847	0	0.047	117.86668	27.91041	117.8664	27.91075
86391846	0	0.836	117.8664	27.91075	117.86116	27.91667
86391776	0	0.078	117.86116	27.91667	117.86063	27.91719
86391855	0	2.435	117.86063	27.91719	117.84253	27.93213
86391854	0	2.762	117.84253	27.93213	117.82477	27.9512
86391850	0	0.124	117.82477	27.9512	117.82413	27.95216
86391836	0	0.041	117.82413	27.95216	117.82391	27.95247
86391834	0	0.216	117.82391	27.95247	117.82262	27.95404
86391826	0	0.489	117.82262	27.95404	117.81908	27.95713
86391822	0	0.589	117.81908	27.95713	117.81547	27.96133
86391820	0	0.261	117.81547	27.96133	117.81326	27.96263
86391814	0	2.449	117.81326	27.96263	117.81053	27.98246
86391812	0	0.75	117.81053	27.98246	117.81617	27.98694
14947537	0	0.088	117.81617	27.98694	117.81688	27.98743
14947536	0	0.234	117.81688	27.98743	117.81876	27.98872
86391804	0	0.071	117.81876	27.98872	117.81932	27.98913
14947533	0	0.1	117.81932	27.98913	117.82006	27.98975
14947532	0	0.179	117.82006	27.98975	117.82123	27.99099
86391792	0	0.203	117.82123	27.99099	117.82238	27.99251
86391786	0	0.225	117.82238	27.99251	117.82341	27.99431
86391800	0	0.083	117.82341	27.99431	117.82366	27.99502
86391801	0	0.128	117.82366	27.99502	117.82404	27.99612
49429546	0	0.179	117.82404	27.99612	117.82443	27.99769
1230988	0	0.056	117.82443	27.99769	117.82454	27.99818
1230975	0	0.141	117.82454	27.99818	117.82472	27.99944
1230973	0	0.062	117.82472	27.99944	117.82476	28.0
