G1514#1230971#14625762	1230971	14625762	1	0.558	117.82443	28.0	117.82344	27.99508	1230971	1230987	1230985	1230996	14625763	14625762
G1514#86391798#86391797	86391798	86391797	1	0.776	117.82344	27.99508	117.81919	27.98929	86391798	86391799	86391797
G1514#86391802#86392138	86391802	86392138	1	28.704	117.81919	27.98929	117.97121	27.79957	86391802	14947534	14947535	86391810	14625760	14625761	86391818	86391824	86391828	86391830	86391832	86391852	86391856	86391857	86391775	86391848	86391849	86391845	86391862	86391864	86391872	86391874	86391875	86391780	86391886	86391887	86391883	86391890	86391896	86391898	86391904	86391906	86391914	86391918	86391920	86391924	86391928	86391946	86391947	86392149	86392150	86391936	86391952	86391956	86391962	86391963	86391966	86391968	86391982	86391983	86391783	86391988	86391990	86391991	86391981	86391996	86392000	86392004	86392020	86392022	86392023	86392017	86392012	86392028	86392032	86392036	86392040	86392077	86392078	86392075	86392076	86392066	86392069	86392081	86392085	86392101	86392103	86392107	86392111	86392112	86392096	14947458	14947459	86392119	86392137	86392138
G1514#86392145#86392142	86392145	86392142	1	0.563	117.97121	27.79957	117.97626	27.79718	86392145	14726757	14726758	86392142
G1514#86392123#12837147	86392123	12837147	1	15.773	117.97626	27.79718	118.02885	27.70446	86392123	86392126	86392125	12836992	12836996	12837000	12837104	12837103	12837106	12837105	12837008	12837098	12837097	12837016	12837020	12837024	12837108	12837107	12837030	12837078	12837077	12837075	12837071	12837068	12837084	12837083	12837086	12837085	12837065	12837057	12837053	12837049	12837045	12837041	12837037	12837148	12837147
G1514#12837154#12837153	12837154	12837153	1	0.684	118.02885	27.70446	118.02992	27.6984	12837154	12837153
G1514#14726760#790024	14726760	790024	1	10.983000000000002	118.02992	27.6984	117.99682	27.60968	14726760	14726759	12837149	1434581	1434580	862539	862537	862531	862527	862523	790015	790020	14947571	14947570	790024
G1514#12837222#790037	12837222	790037	1	0.6769999999999999	117.99682	27.60968	117.99699	27.60365	12837222	87788238	87788237	790037
G1514#790046#14809763	790046	14809763	1	8.822000000000003	117.99699	27.60365	117.99053	27.52801	790046	14726764	14726766	14726765	846304	846309	846313	846317	14726767	14726768	12837122	12837229	12837230	12837233	12837234	846323	846328	14809762	14809763
G1514#846344#846359	846344	846359	1	1.309	117.99053	27.52801	117.99692	27.51779	846344	846355	846357	846359
G1514#846330#883429	846330	883429	1	3.936	117.99692	27.51779	118.03103	27.50604	846330	883427	12512253	12512255	12512256	883429
G1514#883406#883408	883406	883408	1	0.352	118.03103	27.50604	118.03438	27.50713	883406	883408
G1514#883420#935576	883420	935576	1	4.565999999999999	118.03438	27.50713	118.06845	27.48978	883420	883421	883405	935609	935576
G1514#935580#12834981	935580	12834981	1	3.7430000000000003	118.06645	27.48631	118.06681	27.4546	935580	935594	935593	12834981
G1514#12835119#14809722	12835119	14809722	1	2.957	118.07061	27.44976	118.09832	27.45893	12835119	12835118	12835025	12835031	12835035	12835101	14809723	14809722
G1514#12835093#12835112	12835093	12835112	1	0.64	118.09832	27.45893	118.10472	27.45984	12835093	14726790	14726789	12835112
G1514#12835117#12834171	12835117	12834171	1	25.590999999999994	118.10472	27.45984	118.34112	27.43269	12835117	12835116	12835043	12835042	12835137	12835136	12835051	12835139	12835138	12835018	12835055	12835059	12835061	12835067	12835141	12835140	12835086	12835074	12835079	12835089	12835143	12835142	12835085	14726802	14726801	12834046	12834045	12834044	12834052	12834054	12834058	12834092	12834091	12834087	12834070	12834082	12834084	12834096	12834100	12834106	12834108	12834112	12834116	12834118	12834124	12834128	12834132	12834390	12834389	12834134	12834139	12834372	12834376	12834375	12834147	12834151	12834155	12834159	12834163	12834169	12834168	12834171
G1514#12886121#12834395	12886121	12834395	1	0.671	118.34112	27.43269	118.34632	27.43658	12886121	12886120	12834395
G1514#14726804#12834345	14726804	12834345	1	9.790000000000001	118.34632	27.43658	118.42987	27.47905	14726804	14726803	12834399	12834205	12834204	12834209	12834213	12834217	12834221	14726808	14726807	12834227	12834229	12834235	12834239	14726812	14726811	12834249	12834253	12834257	12834261	12834345
G1514#12834404#12834403	12834404	12834403	1	0.42100000000000004	118.42987	27.47905	118.43412	27.47941	12834404	12834403
G1514#14726818#85168690	14726818	85168690	1	29.059999999999988	118.43412	27.47941	118.67617	27.35312	14726818	14726817	12834407	12834342	14726820	14726819	12834328	12834324	12834320	12834317	12834316	12834310	12834331	12834335	12834334	12834302	12834298	12834292	12834290	12834286	12834284	12834280	12834276	12834272	12834268	12834264	12836051	12836053	12836059	12836061	12836065	12836226	12836227	12836280	12886096	12886100	12886101	12836290	14726821	14726822	12836299	12836038	12836300	12836301	12836220	12836221	12836150	12836151	12836206	12836212	12836306	12836312	12836314	12836320	12836322	12836324	12836330	12836332	12836334	12836338	14726825	14726826	14726824	12836345	12836205	12836346	12836347	12836199	12836350	14726827	14726828	12836355	12836173	12836188	12836189	12886104	12886105	12836043	12836358	12836360	12836361	12836272	12836273	12836264	12836265	12836258	85168690
G1514#85404167#85404367	85404167	85404367	1	1.252	118.67617	27.35312	118.68743	27.35796	85404167	85404366	85404367
G1514#14726833#12836233	14726833	12836233	1	10.064	118.68743	27.35796	118.77788	27.34552	14726833	14726834	85404373	12836250	14726835	14726837	14726838	12836164	12836165	12836131	12836158	12836159	12836154	12836155	12836139	12886108	12886109	12836077	12836046	12836238	12836242	14726805	14726806	12836232	12836233
G1514#14726845#12836223	14726845	12836223	1	0.9000000000000001	118.77788	27.34552	118.78385	27.3395	14726845	14726846	12836223
G1514#12836114#12886014	12836114	12886014	1	33.963	118.78385	27.3395	119.00904	27.16002	12836114	12838276	12838275	12838271	12838268	12838286	12838285	12838279	12838261	12838255	12838251	14726850	14726849	12838243	12838241	12838237	12838234	12838233	12838225	12838218	12838222	12838221	12838209	12838203	12838201	12838198	12838197	12838189	12838185	12838183	12838175	12838180	12838179	12838165	12838161	12838160	12838159	12838156	12838155	12838149	12838142	12838146	12838145	12838133	12838130	12838129	12838292	12838415	12838414	12838117	12838113	12886127	12886126	12838287	12838105	12838101	12838097	12838092	12838091	12838074	14726606	14726605	12838064	12838063	12838062	12838061	12838046	14726608	14726607	12838035	12838031	12838027	12838024	12838023	12886015	12886014
G1514#12886019#12886018	12886019	12886018	1	0.405	119.00904	27.16002	119.01136	27.15703	12886019	12886018
G1514#12886023#12885995	12886023	12885995	1	3.1620000000000004	119.01136	27.15703	119.03506	27.14863	12886023	12886022	12885902	12885906	12885910	14157257	14157256	12885995
G1514#12886000#12885999	12886000	12885999	1	1.043	119.03506	27.14863	119.04292	27.15481	12886000	12885999
G1514#12885983#12833167	12885983	12833167	1	32.182	119.04292	27.15481	119.32111	27.06773	12885983	12885978	12885977	12885970	12885969	12885961	12885957	12885945	12885956	12885955	12885937	12885950	14726854	14726853	12885939	12885925	12885885	12885922	12885921	12886131	12833006	12833007	12833010	12833012	12833013	12833001	12833018	12833022	12833023	12832993	12833028	12833032	12833033	12832985	12832981	12833036	12833040	12833041	12833039	12832972	12832973	12832965	12832961	12833065	12833368	12833369	12833068	12833078	12833080	12833084	12833101	12833102	12833103	12833105	12833106	12833109	12833110	12833097	12833113	12833117	12833118	12833123	12833127	12833131	12833135	12833139	12833143	12833147	12833151	12833155	14726855	14726856	12833163	12833165	12833167
G1514#12833168#49394731	12833168	49394731	1	29.333	119.32111	27.06773	119.55742	27.05188	12833168	12833176	12833177	49394343	49394359	49394360	49394365	49394366	14726857	14726858	49394380	49394371	49394375	49394383	49394387	49394391	49394395	49394399	49394403	49394404	49394407	49394410	49394418	49394420	14726859	14726860	49394456	49394457	49394455	49394426	49394438	49394439	49394829	49394830	49394460	49394467	85239595	85239596	49394853	49394854	49394473	49394474	49394477	49394481	49394491	49394492	49394488	49394486	49394295	49394301	49394497	49394501	49394505	49394509	14726863	14726864	49394520	49394521	49394525	49394529	49394533	49394543	49394544	49394541	49394547	49394550	49394553	49394563	49394567	49394568	49394577	49394578	49394575	49394579	49394583	49394591	49394592	49394595	49394599	49394603	49394607	49394611	49394615	49394635	49394639	49394640	49394625	49394631	49394632	49394645	49394649	49394657	49394658	49394659	49394661	49394665	49394667	49394673	49394677	49394679	49394730	49394731
G1514#49394732#49394733	49394732	49394733	1	0.494	119.55742	27.05188	119.56138	27.05451	49394732	49394733
G1514#49394742#49394822	49394742	49394822	1	11.447000000000001	119.56138	27.05451	119.66887	27.06048	49394742	49394744	49394745	49394748	49394752	49394756	49394764	49394765	14726865	14726866	49394766	49394778	49394779	49394777	49394775	49394792	49394790	49394791	14726867	14726868	49394797	49394809	49394813	49394814	49394807	49394819	49394825	49394826	49394822
G1514#49394335#49394332	49394335	49394332	1	0.695	119.66887	27.06048	119.67446	27.05679	49394335	49394336	49394332
G1514#14726874#789430	14726874	789430	1	10.717	119.67446	27.05679	119.69332	26.97073	14726874	14726873	905920	886966	888413	888412	888408	792570	792569	789435	789433	789430
G1514#789438#792564	789438	792564	1	0.6819999999999999	119.69332	26.97073	119.68891	26.96602	789438	789439	792563	792564
G1514#792560#14948457	792560	14948457	1	17.958	119.68891	26.96602	119.722	26.83471	792560	792561	49392591	49392595	49392594	852303	852301	852291	49392601	49392600	852329	852335	49392731	49392735	49392734	852366	14726936	14726935	850816	850879	852362	14948458	14948457
G1514#850881#789432	850881	789432	0	18.32	119.72218	26.83478	119.69131	26.96849	850881	14726937	14726938	850815	850877	852283	852285	49392726	49392732	49392733	49392729	852338	49392598	49392599	852288	49392596	12512085	12512086	852299	49392592	49392593	49392589	789440	789432
G1514#792566#789431	792566	789431	0	0.376	119.69131	26.96849	119.69381	26.97104	792566	792565	789431
G1514#792562#49394330	792562	49394330	0	10.757	119.69381	26.97104	119.67407	27.05738	792562	792568	792567	789434	789442	888409	888410	14726875	14726876	905921	886964	14948455	14948456	49394330
G1514#49394316#49394726	49394316	49394726	0	12.426999999999998	119.67407	27.05738	119.55878	27.05287	49394316	49394338	49394824	49394828	49394827	49394817	49394803	49394816	49394815	49394811	49394799	14726870	14726869	49394789	49394788	49394780	49394272	49394773	49394772	49394770	49394768	49394759	49394763	49394762	49394754	49394750	49394746	49394739	49394741	49394740	49394726
G1514#49394729#49394728	49394729	49394728	0	0.49	119.55878	27.05287	119.55468	27.05043	49394729	49394728
G1514#49394703#12833060	49394703	12833060	0	28.340000000000003	119.55468	27.05043	119.32767	27.06722	49394703	49394681	49394675	49394671	49394669	49394663	49394656	49394655	49394647	49394643	49394634	49394633	49394623	49394642	49394641	49394637	49394617	49394613	49394609	49394605	49394601	49394597	49394594	49394593	49394585	49394581	49394573	49394571	49394566	49394565	49394561	49394555	49394552	49394540	49394539	49394546	49394545	49394531	49394527	49394523	49394517	49394513	49394511	49394507	49394503	49394499	49394495	49394299	49394297	49394484	49394490	49394494	49394493	49394475	49394451	49394453	49394452	49394856	85239594	85239593	49394465	49394463	49394458	49394281	49394435	14726862	14726861	49394432	49394430	49394443	49394445	49394444	49394422	49394416	49394415	49394414	49394409	49394402	49394401	49394397	49394393	49394389	49394385	49394381	49394373	49394369	49394378	49394377	49394364	49394363	49394358	12833061	12833060
G1514#12833179#12833174	12833179	12833174	0	0.736	119.32767	27.06722	119.32031	27.06805	12833179	12833178	12833174
G1514#12833162#14948484	12833162	14948484	0	31.974000000000004	119.32031	27.06805	119.04283	27.15492	12833162	12833161	12833157	12833153	12833149	12833145	12833141	12833137	12833133	12833129	12833125	12833121	12833120	12833119	12833115	12833095	12833112	12833111	12833100	12833099	12833082	12833072	12833075	12833063	12832959	12832963	12832971	12832970	12833043	12833042	12832979	12832983	12833027	12833031	12833035	12833034	12832991	12833025	12833024	12832999	12833017	12833016	12833014	12833009	12833008	12886133	12885893	12885894	12885890	12885887	12885891	12885923	12885927	12885951	14726851	14726852	12885954	12885943	12885947	12885959	12885963	12885971	12885972	12885979	12885980	12885997	14948483	14948484
G1514#12885993#12886013	12885993	12886013	0	3.736	119.04283	27.15492	119.01368	27.15364	12885993	12886001	12886002	12885908	12885904	12885900	12886012	12886013
G1514#12886020#12886021	12886020	12886021	0	0.656	119.01368	27.15364	119.01016	27.1586	12886020	12886021
G1514#12886016#12836120	12886016	12836120	0	34.120000000000005	119.01016	27.1586	118.78409	27.33943	12886016	12886017	12838025	12838026	12838029	12838033	12838037	12838043	12838044	12838047	12838059	12838060	12838065	12838067	12838075	12838076	12838095	12838096	12838094	12838099	12838103	14726603	14726604	12886128	12886129	12838290	12838115	12838119	12838293	12838412	12838413	12838131	12838132	12838135	12838147	12838148	12838144	12838151	12838153	12838154	12838157	12838158	12838169	12838170	12838167	12838181	12838182	12838177	12838187	12838191	12838193	12838199	12838207	12838208	12838211	12838223	12838224	12838220	12838227	12838235	12838236	12838239	12838245	12838249	12838253	12838257	12838259	12838281	12838283	12838284	12838270	12838273	12838277	12838278	14726848	14726847	12836120
G1514#12836110#85168698	12836110	85168698	0	10.631	118.78409	27.33943	118.69017	27.36055	12836110	12836225	12836235	12836234	14726842	14726841	12836240	12836236	12836082	12836047	12836089	12886107	14726840	14726839	12836136	12836153	12836157	12836156	12836129	12836167	12836166	12836249	12836248	85168698
G1514#85404371#85404370	85404371	85404370	0	1.311	118.69017	27.36055	118.67926	27.35407	85404371	85404370
G1514#85404365#12834354	85404365	12834354	0	28.918000000000003	118.67926	27.35407	118.43884	27.48073	85404365	85404364	12836256	12836267	12836266	12836275	12836274	12836367	12836366	12836364	12836369	12836368	12836042	12836183	12836182	12836180	12836187	12836186	12836175	12836357	12836356	12836352	12836201	12836200	12836203	12836349	12836348	12836342	12836278	12836341	12836340	12836336	12836328	12836326	12836318	12836316	12836310	12836308	12836211	12836210	12836149	12836148	12836217	12836219	12836305	12836304	12836039	12836303	12836302	12836296	12836294	12836292	12886103	12886102	12886098	12836282	12836069	12836067	12836063	12836057	12836055	12836049	12834262	12834266	12834270	12834274	12834278	12834282	12834283	12834288	12834294	12834296	12834300	12834332	12834333	12834308	12834312	12834318	12834322	12834326	12834336	12834340	12834354
G1514#14726815#12834406	14726815	12834406	0	0.632	118.43884	27.48073	118.43261	27.47943	14726815	14726816	12834406
G1514#12834401#12834199	12834401	12834199	0	9.736	118.43261	27.47943	118.34926	27.4383	12834401	14726813	14726814	12834259	12834255	12834251	12834247	12834245	14726809	14726810	12834237	12834233	12834231	12834223	12834219	12834215	12834211	12834207	12834202	12834203	12834199
G1514#12834397#12834398	12834397	12834398	0	0.546	118.34926	27.4383	118.34463	27.43564	12834397	12834398
G1514#12834393#12835103	12834393	12835103	0	25.940999999999992	118.34463	27.43564	118.10629	27.46001	12834393	12834394	12834165	12834161	12834157	12834153	12834149	12834145	12834373	12834378	12834137	12834391	12834392	12834129	12834130	12834126	12834122	12834120	12834114	12834110	12834104	12834101	12834102	12834094	12834074	12834072	12834085	12834089	12834090	12834062	12834060	12834379	12834380	12834050	12834042	12834047	12834048	12835080	12835081	12835128	12835144	12835145	12835072	12835146	12835147	12835131	12835065	12835063	12835057	12835053	12835016	12835132	12835133	12835097	12835049	12835134	12835135	12835099	14726791	14726792	12835041	12835102	12835103
G1514#12835114#12835115	12835114	12835115	0	0.33999999999999997	118.10629	27.46001	118.10286	27.45991	12835114	12835115
G1514#14726787#12835105	14726787	12835105	0	3.118	118.10286	27.45991	118.07304	27.45152	14726787	14726788	12835111	12835033	12835029	12835027	12835104	12835105
G1514#12835122#935598	12835122	935598	0	4.029999999999999	118.06758	27.45202	118.0666	27.48625	12835122	12835123	935591	935592	935597	935598
G1514#935585#883424	935585	883424	0	4.2379999999999995	118.07031	27.49044	118.03812	27.50821	935585	935603	935604	883422	883401	883400	883425	883426	883423	883424
G1514#883415#883414	883415	883414	0	0.48	118.03812	27.50821	118.03343	27.50708	883415	883414
G1514#883417#846348	883417	846348	0	4.479	118.03343	27.50708	117.99604	27.52056	883417	14726786	14726785	846300	14809725	14809724	846348
G1514#846369#846367	846369	846367	0	0.6880000000000001	117.99604	27.52056	117.99259	27.52591	846369	846367
G1514#846353#789989	846353	789989	0	9.031999999999998	117.99259	27.52591	117.99709	27.6029	846353	846351	846326	846325	12837120	12837119	12837232	12837231	12837228	12837227	846314	846311	846306	846302	788453	789989
G1514#790048#790050	790048	790050	0	0.297	117.99709	27.6029	117.99759	27.60553	790048	790050
G1514#14726761#12837138	14726761	12837138	0	11.199000000000002	117.99759	27.60553	118.02984	27.69623	14726761	14726762	790034	790018	790013	862521	862525	862529	862533	862535	1434578	1434579	1434582	1434586	12837138
G1514#12837151#12837152	12837151	12837152	0	0.368	118.02984	27.69623	118.03004	27.69953	12837151	12837152
G1514#12837155#86392121	12837155	86392121	0	14.662	118.03004	27.69953	117.9789	27.79601	12837155	12837156	12837039	12837043	12837047	12837051	12837055	12837059	12837063	12837087	12837089	12837090	12837070	12837073	12837081	12837082	12837080	12837032	12837028	12837022	12837018	12837014	12837091	12837093	12837094	12837099	12837101	12837102	12836997	12836998	12836994	12836990	12837117	86392121
G1514#86392144#86392143	86392144	86392143	0	0.432	117.9789	27.79601	117.97507	27.79791	86392144	86392143
G1514#14809727#86391792	14809727	86391792	0	29.50899999999999	117.97507	27.79791	117.82238	27.99251	14809727	14809726	86392139	86392117	86392113	86392091	86392110	86392109	86392105	86392099	86392097	86392087	86392083	86392079	86392072	86392071	86392068	86392074	86392073	86392063	86392038	86392034	86392030	86392026	86392010	86392015	86392025	86392024	86392018	86392002	86391998	86391994	86391979	86391993	86391992	86391986	86391784	86391985	86391984	86391972	86391970	86391965	86391964	86391954	86391950	86391938	86392152	86392151	86391949	86391948	86391930	86391926	86391922	86391916	86391912	86391910	86391908	86391902	86391900	86391894	86391892	86391881	86391885	86391884	86391779	86391889	86391888	86391870	86391868	86391866	86391860	86391858	86391843	86391847	86391846	86391776	86391855	86391854	86391850	86391836	86391834	86391826	86391822	86391820	86391814	86391812	14947537	14947536	86391804	14947533	14947532	86391792
