G15#868143#49430327	868143	49430327	1	11.919999999999998	117.25	23.70856	117.33994	23.77021	868143	869618	869619	49430318	49430322	49430323	12472673	12472674	1376095	49430330	49430331	49430327
G15#1376147#14947573	1376147	14947573	1	14.791999999999998	117.33994	23.77021	117.3858	23.88387	1376147	1373064	1373089	49430338	49430339	49430334	49430335	839905	839906	839660	839898	49430342	49430346	49430347	839873	991963	49430350	49430354	49430356	49430360	14947572	14947573
G15#993439#14947561	993439	14947561	1	7.374	117.3858	23.88387	117.4128	23.94432	993439	993440	991889	993433	993434	49430364	49430368	49430369	991966	14666684	14666685	12472676	991931	993437	993438	49430374	49430375	49430378	49430379	640312	640316	14947560	14947561
G15#640332#14947557	640332	14947557	1	25.938000000000002	117.4128	23.94432	117.63559	23.96275	640332	640363	640364	49430382	49430386	49430387	640351	640347	640326	12472682	12472681	49430395	49430399	49430403	49430402	643274	643368	643369	643273	643364	49430411	49430415	49430419	49430423	49430427	12472685	12472686	12472684	49430435	49430439	49430440	14947556	14947557
G15#814823#14947559	814823	14947559	1	14.090000000000002	117.63559	23.96275	117.71983	24.05302	814823	814826	813284	814809	814810	49430445	49430449	49430450	49430453	49430457	49430458	821045	12472689	12472690	12472688	14947558	14947559
G15#822652#1620795	822652	1620795	1	18.602999999999998	117.71983	24.05302	117.83036	24.17584	822652	822653	821048	822646	49430465	49430466	49430462	49430469	49430473	49430474	978324	49430475	49430477	49430478	957236	978323	957229	957230	49430492	49430496	49430497	1330100	1330086	1330105	49430500	49430504	49430505	49430508	49430512	49430513	1620795
G15#1622311#14939505	1622311	14939505	1	20.105	117.83036	24.17584	117.86625	24.33768	1622311	1620796	1622321	12472695	12472696	49430520	49430521	1622329	1622324	1745317	1745318	1745314	49430522	49430526	49430527	12472703	12472704	1745282	1746810	1746811	1745281	49430539	49430543	49430544	1745301	14939504	14939505
G15#14939500#49430566	14939500	49430566	1	3.0130000000000003	117.86625	24.33768	117.86469	24.36461	14939500	14939501	14939510	14939511	14939540	14939541	49430565	49430566
G15#49430554#49430129	49430554	49430129	1	10.988999999999999	117.86469	24.36461	117.79712	24.43931	49430554	49430558	49430557	49798893	49798892	39090458	39090457	39090453	686304	686311	49430552	49430551	49430547	14666707	14666706	654051	647954	49430134	49430133	49430129
G15#649512#658814	649512	658814	1	5.779	117.79712	24.43931	117.78473	24.48622	649512	12472712	12472711	658833	658819	658818	654054	654057	49430126	49430125	49430121	649491	658814
G15#649499#14666718	649499	14666718	1	14.45	117.78473	24.48622	117.90706	24.54858	649499	658840	658839	649497	649496	14724899	14724898	658846	49430138	49430142	49430141	12472720	12472719	759232	759237	39090381	39090380	821180	14666719	14666718
G15#14724915#754765	14724915	754765	1	10.778999999999998	117.90706	24.54858	118.00224	24.58866	14724915	14724914	833396	819608	833395	49205790	49205789	821186	821185	821183	821187	821188	14666729	14666728	14666731	14666730	12472744	12472743	975292	754774	754769	754765
G15#754770#754771	754770	754771	1	8.504	118.00224	24.58866	118.0736	24.62568	754770	754773	754772	754740	14666734	14947444	14947445	754771
G15#753056#1150252	753056	1150252	1	8.297	118.0736	24.62568	118.1366	24.6717	753056	753055	754776	751513	85629024	14649859	14649860	85628985	85628986	49391594	49391595	754678	754679	754746	754747	754744	14666738	14666865	14666742	14666743	1344276	14666747	14947441	14947440	1150252
G15#1160491#1150269	1160491	1150269	1	9.642000000000001	118.1366	24.6717	118.2283	24.68883	1160491	1160490	1160489	1150262	1150261	1157557	1162287	1157559	1157558	1162279	1162278	1150266	1165298	12511758	14809759	14809758	1150269
G15#1150278#14954604	1150278	14954604	1	18.711999999999996	118.2283	24.68883	118.40117	24.71041	1150278	1150277	1162273	1162288	1162275	1162274	1064010	12511764	12511763	12511767	14666752	14666753	1062427	49284803	49284805	49284807	49284808	1064002	1064008	49284809	49284810	1064007	1062414	772763	49320773	49320772	765065	763542	763544	12511774	14954604
G15#14954637#14954628	14954637	14954628	1	2.27	118.40117	24.71041	118.41712	24.72478	14954637	14954636	14954633	14954632	14954621	14809783	14954629	14954628
G15#49798909#85324695	49798909	85324695	1	8.803	118.41712	24.72478	118.47624	24.78071	49798909	49798908	14666755	14666754	763581	763580	49320785	49320784	772745	766492	763573	763572	766491	763570	763571	14666758	14666759	14809780	14809781	85324695
G15#85404121#777620	85404121	777620	1	5.5550000000000015	118.47624	24.78071	118.51866	24.81204	85404121	85404122	85324619	85324690	85324691	1101771	1101766	14666847	14666848	14948565	14948566	49188900	777620
G15#777612#39123466	777612	39123466	1	7.6899999999999995	118.51866	24.81204	118.5798	24.85197	777612	777613	770987	777610	776094	776096	49188903	49188904	776089	776092	950763	39123467	39123466
G15#950782#721800	950782	721800	1	10.638	118.5798	24.85197	118.65951	24.9344	950782	950781	49188908	49188910	49188909	49188912	49188911	39194159	933155	952112	952111	935995	935994	49189121	49189120	950761	950760	933139	844470	859662	859664	12511782	12511781	39033505	39033504	49320867	49320866	721800
G15#566941#717287	566941	717287	1	6.5169999999999995	118.65951	24.9344	118.67697	24.99013	566941	717240	718726	720261	724915	724916	724903	49320874	49320875	12511791	12511792	723219	723220	724911	49320878	49320879	724917	724918	724909	717286	717287
G15#717246#733493	717246	733493	1	2.93	118.67697	24.99013	118.69129	25.01299	717246	734998	734995	49320859	49320858	733496	733493
G15#733504#14948519	733504	14948519	1	16.836	118.69129	25.01299	118.80877	25.11211	733504	733501	733485	49320835	49320834	49320832	741374	49392787	49392789	49392788	14948520	14948519
G15#756599#846735	756599	846735	1	10.2	118.80877	25.11211	118.85927	25.18738	756599	756598	753498	755069	755068	755086	49392793	49392792	756590	755089	755088	755085	756603	756602	756600	755081	755080	755082	755084	756595	756594	755078	14157261	14157260	846735
G15#49798903#12511811	49798903	12511811	1	8.114999999999998	118.85927	25.18738	118.88168	25.25534	49798903	49798902	846757	846756	846744	846740	49392795	49392794	846754	12511802	12511801	846751	846750	820941	12511812	12511811
G15#846611#14948509	846611	14948509	1	20.115000000000002	118.88168	25.25534	119.03627	25.34427	846611	848155	848154	848118	848117	843564	848131	12511814	12511816	12511815	848123	848127	848126	848124	848129	848128	661392	821223	12511848	14948510	14948509
G15#827533#821257	827533	821257	1	5.089	119.03627	25.34427	119.07214	25.37539	827533	827532	821257
G15#818296#1134439	818296	1134439	1	12.306000000000001	119.07214	25.37539	119.15774	25.4489	818296	827525	827524	763994	827540	827542	14666867	14666869	14666868	827543	764044	1356793	1356792	1370859	1370858	1134439
G15#1142453#14948433	1142453	14948433	1	18.467000000000002	119.15774	25.4489	119.27441	25.56506	1142453	1132897	1144060	1144058	49392811	49392810	1145506	1144075	1144072	1145495	12511952	12511951	1145492	1145491	1145511	89069947	89069946	1226670	1226667	1215873	1215872	1215880	12512221	12512223	14948434	14948433
G15#1215861#848070	1215861	848070	1	18.779	119.27441	25.56506	119.30822	25.72272	1215861	1215860	1215842	1215841	1215862	1215859	1215833	1357410	1357409	1357408	1355857	1357414	1357413	1355855	1355909	848070
G15#845046#800335	845046	800335	1	23.115	119.30822	25.72272	119.38364	25.89487	845046	857211	855762	855752	855766	855765	12511968	12511967	14948556	14948555	976323	87849906	85827174	85827173	821343	821388	822929	822928	821381	819848	49084155	49084154	49084153	49084152	819850	822940	13269480	13269479	13269482	13269481	819853	819845	800303	800302	800337	800335
G15#797159#1142998	797159	1142998	1	2.799	119.38364	25.89487	119.38804	25.91921	797159	800350	800348	797165	798774	798731	1142998
G15#1136663#14948543	1136663	14948543	1	2.798	119.38804	25.91921	119.40585	25.93833	1136663	1146029	12511976	12511975	1139885	13302686	13302688	13302687	1133613	1135042	1136647	1139882	14948544	14948543
G15#1127411#13302720	1127411	13302720	1	7.577	119.40585	25.93833	119.47346	25.96081	1127411	1127409	1138188	1139873	13302694	13302696	13302698	13302700	13302702	13302704	13302703	1139869	1139868	1128894	13302720
G15#13302719#1141382	13302719	1141382	1	2.273	119.47346	25.96081	119.48947	25.97489	13302719	1138185	1127388	1127385	1139898	1139897	14666889	14666888	14666891	14666890	1127327	1144478	1136652	1136651	1141382
G15#1138361#1133584	1138361	1133584	1	3.644	119.48947	25.97489	119.46699	25.99767	1138361	1138360	12511980	12511979	1142995	1128966	1128963	1128974	1133584
G15#1138297#858509	1138297	858509	1	17.305	119.46699	25.99767	119.5466	26.13074	1138297	1138298	899868	896791	902732	902733	896704	13303041	13303042	904286	901381	896707	13303239	13303240	896710	901382	902723	902724	901383	14726749	14726750	904282	902726	902727	879531	859996	859998	860000	14726747	14726748	860004	860005	859992	858485	859993	837380	837381	859943	858509
G15#860008#813243	860008	813243	1	10.899	119.5466	26.13074	119.55441	26.2223	860008	837374	837375	837385	837384	14726744	14726743	859995	859953	859950	811683	49417979	49417978	49417976	811684	835436	813244	813243
G15#813265#1231996	813265	1231996	1	6.828	119.55441	26.2223	119.5328	26.2799	813265	814772	835434	811815	813246	813245	835432	813257	813260	814144	814145	1231998	14726723	14726724	1231927	1231995	1231996
G15#1231993#14726726	1231993	14726726	1	8.373000000000001	119.5328	26.2799	119.50012	26.34652	1231993	1232010	1232011	1231991	1232005	1232006	1232007	14726725	14726726
G15#1297557#2245106	1297557	2245106	1	14.397000000000002	119.50012	26.34652	119.49966	26.46693	1297557	1997113	1997168	1997169	14726728	14726727	1997166	49316118	49316122	49316126	49316130	49316129	2243657	2245096	2245108	89069943	89069942	1534412	1534411	2245106
G15#2245091#2143555	2245091	2143555	1	7.313999999999999	119.49966	26.46693	119.555	26.50422	2245091	1531279	49392349	49392348	1531269	1531268	1534404	1534403	1531241	1531284	1531286	1531285	14726736	14726735	2143551	2143556	2143555
G15#2143561#2145031	2143561	2145031	1	10.039	119.555	26.50422	119.60355	26.5733	2143561	2145022	2145021	2143583	2143582	49392478	49392477	14726740	14726739	2143526	2143525	2145013	2145025	2145027	2145026	2143507	2145028	2145029	2145032	2145031
G15#2145040#1428116	2145040	1428116	1	9.358	119.60355	26.5733	119.54882	26.63406	2145040	2145039	2143511	2143513	2145018	2145019	85827275	85827276	1445492	1445494	1437636	1428116
G15#1437634#14948550	1437634	14948550	1	10.472	119.54882	26.63406	119.57776	26.71848	1437634	1428120	1428119	1445506	1445508	86489262	87055256	87055257	86489257	898342	898343	898340	898336	898331	14948549	14948550
G15#885290#891378	885290	891378	1	16.161	119.57776	26.71848	119.67433	26.81006	885290	885292	898318	898320	898316	896898	896900	883776	886734	816461	816448	816452	817979	817980	817976	817974	49392584	49392585	49392580	49392581	816457	816458	85827231	85827232	892770	892769	891360	891371	14726932	14726931	890011	891363	891379	891378
G15#891382#14948449	891382	14948449	1	5.574000000000001	119.67433	26.81006	119.72123	26.83408	891382	891381	891377	891376	12512080	12512079	891367	891357	891356	890015	891327	14948450	14948449
G15#852305#854329	852305	854329	1	16.340000000000003	119.72123	26.83408	119.87643	26.85454	852305	850817	852347	852345	852319	14726940	14726939	850812	912770	912805	912804	12512090	12512089	912766	914157	914158	912763	912813	912814	912798	912757	912760	912761	912797	912806	914151	14726929	14726930	912756	912807	912808	854329
G15#855877#872727	855877	872727	1	14.5	119.87643	26.85454	120.01603	26.87782	855877	855878	854357	854358	854383	854394	855868	855869	855875	14726925	14726926	855872	852815	854362	854363	14726921	14726922	852814	854354	854387	854388	12512093	12512094	854390	854391	854392	49392738	49392740	49392741	872727
G15#875783#869562	875783	869562	1	12.228999999999996	120.01603	26.87782	120.11002	26.92933	875783	878952	878950	875777	878942	878940	49818598	49818597	878954	878957	880404	14726920	14726919	872728	869542	869555	869557	869563	869562
G15#869559#845823	869559	845823	1	11.356000000000002	120.11002	26.92933	120.20094	26.97618	869559	869537	869536	869576	869575	49392747	49392746	12512102	14726910	14726909	847338	14726908	14726907	845816	847339	848798	848799	847327	12512103	12512104	848801	848802	845820	847255	848815	848816	49392756	49392757	847250	845823
G15#848823#12512110	848823	12512110	1	8.851	120.20094	26.97618	120.23229	27.04832	848823	848824	847253	847329	847330	847333	14726903	14726904	847315	847258	1232665	1232663	14726900	14726899	1232661	1234188	1234190	1234189	1234192	1234191	1232656	1234166	49392765	49392764	12512110
G15#14359690#12512112	14359690	12512112	1	6.611	120.23229	27.04832	120.24332	27.10094	14359690	14359698	14359697	14359688	14359687	967870	967869	1232671	12512107	12512108	910307	12512111	12512112
G15#910303#1279258	910303	1279258	1	16.997999999999998	120.24332	27.10094	120.24795	27.23735	910303	908784	908785	910325	14726891	14726892	910294	908777	910299	12512113	12512114	1820742	908776	1820737	49392770	49392771	49392767	929626	929628	929607	929609	1279259	1279252	1276281	1265718	1267206	1267210	1267212	14726886	14726885	1267208	1265713	14726882	14726881	1265716	1265715	1279253	1279258
G15#1279255#1006892	1279255	1006892	1	7.099	120.24795	27.23735	120.22147	27.29462	1279255	1279277	1279278	1279256	1279271	1279272	1277728	1009898	12512117	12512118	1017613	1017614	1006889	12511925	12511926	1006892
G15#1017619#1012923	1017619	1012923	1	4.52	120.22147	27.29462	120.22446	27.33333	1017619	1017620	1006890	1017609	1017610	1014506	1014507	1014504	1012923
G15#1012922#1014503	1012922	1014503	0	4.109	120.2243	27.33333	120.22124	27.29833	1012922	1014505	1014509	1014508	1014503
G15#1008269#1277724	1008269	1277724	0	7.023000000000001	120.22124	27.29833	120.24495	27.24089	1008269	1017618	1017617	1008270	1025318	1008268	1017612	1017611	1017616	1017615	1014494	1009897	1277729	1277724
G15#1279275#908786	1279275	908786	0	16.967999999999996	120.24495	27.24089	120.24187	27.10535	1279275	1279276	1277725	1279273	14726879	14726880	1279254	1276280	1265717	14726884	14726883	1265714	1267209	1267214	14726888	14726887	1267207	1265719	1276282	1279268	1279267	1279251	12512116	12512115	929622	49392769	49392773	49392772	1820729	908775	1820732	929615	14726890	14726889	910298	908778	910322	910320	910296	908786
G15#929613#14359629	929613	14359629	0	6.436	120.24187	27.10535	120.23699	27.05262	929613	929611	908787	929601	14726894	14726893	910305	12512106	12512105	1232670	1232662	967868	14359629
G15#14359693#847331	14359693	847331	0	9.189	120.23699	27.05262	120.20151	26.97946	14359693	14359699	14359700	14359691	14359692	49392762	49392763	14726895	14726896	1232657	1234193	1234194	1234187	1234169	1234167	14726897	14726898	1234164	1232660	14726901	14726902	1232664	1232666	847259	847314	847328	847332	847331
G15#847252#869571	847252	869571	0	10.953000000000001	120.20151	26.97946	120.11742	26.93138	847252	848822	848821	848820	848819	845824	848818	848817	847251	845822	845821	848804	848803	847336	14726906	14726905	847313	845815	14726944	14726943	848797	14726946	14726945	12512100	14726912	14726911	848813	14726914	14726913	869571
G15#869558#869694	869558	869694	0	12.651000000000002	120.11742	26.93138	120.0195	26.87904	869558	869574	869573	14726916	14726915	49392744	869556	869561	14726918	14726917	869541	872729	875778	880402	880399	878955	875781	49818600	49818599	875779	869694
G15#878948#854359	878948	854359	0	14.376999999999999	120.0195	26.87904	119.88133	26.85485	878948	878947	878944	878945	49392742	49392743	49392737	854356	854360	12512091	12512092	12512095	12512096	854386	852813	855881	14726923	14726924	852816	855873	855874	854384	12512097	12512098	855871	855867	854359
G15#852820#14948499	852820	14948499	0	16.235999999999997	119.88133	26.85485	119.72695	26.83617	852820	855879	855880	854330	914153	914154	14726927	14726928	912787	912755	912788	912802	914155	914156	912762	912799	912800	912758	912759	912764	914159	914160	912765	914145	914146	912803	914143	14726941	14726942	12512087	12512088	912769	850811	852343	852340	14948500	14948499
G15#852351#14157266	852351	14157266	0	5.47	119.72695	26.83617	119.68104	26.81243	852351	852349	850818	850827	891351	891350	890014	14157267	14157266
G15#12512078#883727	12512078	883727	0	15.752	119.68104	26.81243	119.57921	26.72852	12512078	12512077	891375	891374	891384	891383	891380	891387	12512082	14726934	14726933	890010	891349	891361	891362	891372	891373	12512083	12512084	892768	85827229	85827230	817958	816459	816460	49392582	49392586	49392587	816453	817977	817978	816451	817955	817956	816462	886732	883773	883727
G15#895300#1445503	895300	1445503	0	10.911999999999999	119.57921	26.72852	119.54835	26.64029	895300	898323	898325	896891	896889	898329	898333	898335	898338	12512076	12512075	898346	86489259	87055259	87055258	14948468	14948467	1445503
G15#1437632#2145104	1437632	2145104	0	9.338999999999999	119.54835	26.64029	119.60405	26.57967	1437632	1428118	1428117	1445514	1445512	1428115	1445519	1445517	1437627	2145105	2145104
G15#2143562#49392476	2143562	49392476	0	10.124	119.60405	26.57967	119.5567	26.50969	2143562	2143512	2145016	2145017	2145033	2145034	2145030	2143508	14726741	14726742	12511924	2143558	2143527	2143528	49182725	49182726	14726737	14726738	49392475	49392476
G15#2143563#2245113	2143563	2245113	0	8.213	119.5567	26.50969	119.49957	26.4669	2143563	2143559	2145023	2145024	2143510	2143553	2143554	2143552	14726733	14726734	1534406	14726731	14726732	1534407	1534408	1531270	14726729	14726730	49392337	1534409	1534410	2245112	2245113
G15#49392286#49316120	49392286	49316120	0	13.392	119.49957	26.4669	119.49308	26.35294	49392286	49392287	1534413	1534414	89069940	89069941	2245115	2245109	2245097	2245089	12511921	12511922	49316132	49316128	49316124	49316120
G15#1997147#1231997	1997147	1231997	0	8.181000000000001	119.49308	26.35294	119.52822	26.28985	1997147	1997170	1997171	1997112	1297556	1297560	1232009	1232008	1232004	1231997
G15#1231987#813250	1231987	813250	0	7.159	119.52822	26.28985	119.55129	26.22963	1231987	1231992	87788534	87788533	1232012	1231994	1232003	1232002	1232001	1232000	1231936	814143	811688	813262	813261	835433	813249	813250
G15#835435#858511	835435	858511	0	11.154	119.55192	26.2277	119.54813	26.13362	835435	813242	813247	813248	835437	811686	49417974	49417980	49417981	811804	811805	811673	859951	859954	837382	837383	858511
G15#837377#902731	837377	902731	0	16.702	119.54813	26.13362	119.46907	26.00553	837377	837376	858510	859944	837379	837378	837365	859994	858484	860007	860006	860002	860001	12511914	12511913	859997	879533	902728	902729	896711	902722	902725	904283	904284	13303241	13303242	896709	13303237	13303238	896706	13303039	13303235	13303236	49444614	49444615	902730	902731
G15#896790#1141380	896790	1141380	0	3.689	119.46907	26.00553	119.48359	25.97935	896790	899867	1127345	1127348	1127359	1127361	1133580	1128977	1128968	1128971	12511977	12511978	1139892	14948561	14948562	1141380
G15#1138362#1146027	1138362	1146027	0	2.695	119.48359	25.97935	119.47668	25.96351	1138362	1139854	1141381	1139858	1139859	1144477	1139899	1139900	1139896	1146027
G15#1127396#14948542	1127396	14948542	0	7.26	119.47668	25.96351	119.41234	25.94157	1127396	1127399	1139866	1139867	1138301	13302705	13302707	13302709	13302710	13302711	13302713	13302715	13302716	1139871	14948541	14948542
G15#1127414#1146028	1127414	1146028	0	3.299	119.41234	25.94157	119.38862	25.92159	1127414	1127416	1139879	1139880	1136648	1133614	1133612	1139883	1139884	12511973	13302689	13302691	13302692	1146028
G15#1136665#798768	1136665	798768	0	2.393	119.38862	25.92159	119.38663	25.90034	1136665	1127420	1128890	798728	798768
G15#797163#855751	797163	855751	0	22.969	119.38663	25.90034	119.30817	25.73022	797163	797164	797161	800317	800319	800305	800307	13269483	13269484	819852	822932	822937	822938	819851	822930	822931	821373	819847	821411	14666884	14666885	821372	821344	85827171	85827172	87849904	976331	976325	973253	973255	973256	14948505	14948506	855751
G15#857231#1215858	857231	1215858	0	17.997	119.30817	25.73022	119.28197	25.57762	857231	855754	845045	855749	855753	12512257	12512259	12512260	1355907	1355856	1357411	1357412	1355854	12511965	12511966	14948473	14948474	1215857	1215858
G15#1215815#1144069	1215815	1144069	0	19.115	119.28197	25.57762	119.16554	25.45406	1215815	1214291	1214292	1214293	1214298	14666880	14666881	14666879	1214296	1214297	1214286	1214264	14666876	14666877	1214294	1214295	1215870	1215871	1226662	1226664	14666874	14666875	14666873	14666870	14666871	1144078	1145488	1147049	1145498	1145500	1145503	1145504	49798930	49798931	1144069
G15#1144063#827541	1144063	827541	0	12.509	119.16554	25.45406	119.07609	25.382	1144063	1144065	1145521	1144034	1144036	1144038	1370855	1370856	1370857	1356794	1356795	764046	827545	827546	827541
G15#818297#12511846	818297	12511846	0	4.112	119.07609	25.382	119.05129	25.35297	818297	827522	827523	763989	12511845	12511846
G15#827526#843566	827526	843566	0	21.064000000000004	119.05129	25.35297	118.88579	25.26225	827526	827527	821235	821229	659900	659901	659902	842111	848125	848150	848151	842123	843570	843566
G15#848152#846739	848152	846739	0	8.314	118.88579	25.26225	118.86114	25.1933	848152	848153	842120	842118	843578	820940	846752	846753	846749	846747	846745	49392798	49392799	14948475	14948476	846743	846739
G15#49798900#755076	49798900	755076	0	10.081999999999999	118.86114	25.1933	118.81536	25.11669	49798900	49798901	846759	845186	846733	846734	846732	846710	755083	756604	756601	755087	756592	756593	49392790	14948563	14948564	755076
G15#755047#733482	755047	733482	0	17.443999999999996	118.81536	25.11669	118.69115	25.01529	755047	756596	756597	755074	14726415	14726416	755070	755071	14726413	14726414	49392785	755073	741373	14726411	14726412	14726409	14726410	14948521	14948522	733482
G15#733487#717284	733487	717284	0	3.4819999999999998	118.69115	25.01529	118.67528	24.98775	733487	733490	49320856	49320857	735005	734982	717285	717284
G15#717248#724894	717248	724894	0	5.422	118.67528	24.98775	118.66168	24.94114	717248	49320877	49320876	717241	724919	724910	724905	723222	723221	12512246	12512245	12512243	49320873	49320872	724894
G15#724893#950773	724893	950773	0	12.116	118.66168	24.94114	118.58831	24.85717	724893	720260	724913	14726399	14726400	724892	566879	724890	724889	565291	49320865	12511796	12511795	14726398	14726397	859659	12511784	12511783	49320900	39033506	850574	49320903	49320902	859661	859660	859666	859665	844469	933140	950759	950758	950757	952109	952108	933156	950773
G15#14666769#14948523	14666769	14948523	0	6.579	118.58831	24.85717	118.53676	24.82204	14666769	14666768	950783	950780	14666765	14666764	950765	950764	14666767	14666766	14948524	14948523
G15#772519#85324704	772519	85324704	0	6.178000000000002	118.53676	24.82204	118.48811	24.78915	772519	772521	777607	772524	777624	777622	49188902	12512250	12512252	12512251	49188898	49188897	14666850	14666849	14666763	14809757	14809756	85324704
G15#85404118#763583	85404118	763583	0	9.767000000000001	118.48811	24.78915	118.42119	24.72821	85404118	85404117	85324692	85324610	1101772	762015	766494	763574	763575	766493	772747	49320786	14666756	14666757	763583
G15#763568#14954631	763568	14954631	0	2.082	118.42119	24.72821	118.40608	24.71549	763568	763569	763576	14954588	14954589	14954630	14954631
G15#14954634#14947423	14954634	14947423	0	18.650000000000002	118.40608	24.71549	118.23598	24.68964	14954634	14954635	14954600	14954601	12511772	49320777	49320775	782130	765066	49320771	49320770	772762	1062413	1064006	1064005	1064004	12511770	12511769	1062426	12511766	12511765	12511761	12511762	1064000	1063998	1063958	12511759	14947422	14947423
G15#1150279#14666749	1150279	14666749	0	9.591000000000001	118.23598	24.68964	118.14451	24.674	1150279	1151769	1150275	1150276	1165297	1170053	1162276	1162277	1150263	1157560	1157561	1157556	14666750	14666751	14666749
G15#1150247#14947468	1150247	14947468	0	7.594	118.14451	24.674	118.08397	24.63606	1150247	1160492	1150254	1150255	14666744	14666745	1150249	1344275	14666737	14666736	12472723	49391597	49391596	754681	754680	754743	754742	14947469	14947468
G15#14649858#754739	14649858	754739	0	9.861	118.08397	24.63606	118.00349	24.59011	14649858	14649857	85629022	754767	754768	751509	751508	754781	14666733	14666732	14809766	14809767	754739
G15#754779#833398	754779	833398	0	10.118000000000002	118.00349	24.59011	117.91357	24.55359	754779	753202	756206	975290	975291	821189	821192	14666726	14666727	14666725	14666723	821184	821182	833394	49416765	12472715	14666720	14666721	833398
G15#818147#649493	818147	649493	0	14.555000000000001	117.91357	24.55359	117.78907	24.49215	818147	833397	14724912	14724913	49205794	49205796	49205797	821181	39090489	39090490	39090379	759235	759231	12472717	12472718	49430139	49430140	12472713	12472714	14724900	14947566	14947567	649493
G15#649498#14947579	649498	14947579	0	5.777	117.78907	24.49215	117.79221	24.44517	649498	658837	658838	649500	658815	649492	658822	49430119	49430123	49430124	654055	14947578	14947579
G15#649513#14939440	649513	14939440	0	10.163000000000002	117.79221	24.44517	117.85846	24.37765	649513	658835	658836	649502	49430127	49430131	14666710	14666711	14666709	647953	654049	14666704	14666705	49430545	49430549	49430550	663194	663195	39090455	14939467	14939440
G15#14939536#14939539	14939536	14939539	0	3.2020000000000004	117.85846	24.37765	117.86606	24.35021	14939536	14939537	14939509	14939538	14939539
G15#14939473#1620798	14939473	1620798	0	21.069000000000003	117.86606	24.35021	117.83274	24.179	14939473	14666699	14939447	14939498	14939499	1745302	12472705	12472706	49430542	49430538	1745284	1746812	1746813	1745283	1746804	14666696	14666697	12472702	49430530	49430531	49430529	49430525	1745313	1745315	1745316	1622322	12472699	14666694	14666695	12472698	49430518	49430519	12472693	12472694	1620798
G15#1622325#821047	1622325	821047	0	18.698	117.83274	24.179	117.72075	24.05594	1622325	1622326	1620797	1622313	49430510	49430511	49430507	49430502	49430503	49430499	1330107	14666692	14666693	12472692	1330085	1330101	1330102	49430494	49430495	49430491	978314	978326	957233	49430481	49430482	49430480	978325	957220	49430471	49430472	49430468	49430459	49430463	14947580	14947581	821047
G15#821070#14947551	821070	14947551	0	13.406000000000002	117.72075	24.05594	117.64526	23.96216	821070	822650	822651	822644	822645	821046	822648	49430455	49430456	49430452	49430447	49430448	14947550	14947551
G15#814828#14947585	814828	14947585	0	26.81	117.64526	23.96216	117.4137	23.94524	814828	814830	813286	814817	814818	813314	49430437	49430438	49430434	49430430	49430426	49430422	49430418	49430414	49430410	643276	643366	643367	643275	643361	49430400	49430401	49430397	49430393	49430389	640355	12472679	12472680	640346	640348	49430384	49430385	49430381	14947584	14947585
G15#640315#14947531	640315	14947531	0	6.856999999999999	117.4137	23.94524	117.3849	23.88994	640315	640365	640366	640357	640358	12472677	12472678	49430376	49430377	49430372	14666686	14666687	991956	991930	991958	49430370	49430371	14947530	14947531
G15#993441#1373065	993441	1373065	0	15.116	117.3849	23.88994	117.34299	23.77146	993441	993442	991890	993429	993430	49430362	49430363	49430359	49430353	49430349	991962	839871	49430344	49430345	49430341	839661	839903	839904	839894	49430332	49430333	49430336	49430337	1373088	1373065
