728845	14947513	1	2.6790000000000003	116.2264	25.0	116.22167	25.02319	728845	14947512	14947513
728842	728843	1	0.538	116.22167	25.02319	116.22063	25.02791	728842	728843
49430157	86394838	1	0.43	116.22063	25.02791	116.22106	25.03174	49430157	86394838
86394839	86394877	1	0.8510000000000001	116.22106	25.03174	116.22488	25.03852	86394839	86394876	86394877
86394836	14809749	1	20.212	116.22488	25.03852	116.40593	25.07827	86394836	49383370	728851	728836	748250	86394854	86394855	86394856	14666778	14666779	748252	748244	748246	748248	85827197	85827198	49430145	49430149	14809748	14809749
829070	829073	1	0.514	116.40593	25.07827	116.40972	25.08133	829070	829073
829062	14947471	1	17.329	116.40972	25.08133	116.46502	25.21864	829062	829064	954155	954156	954158	954186	954199	954200	954183	85384856	14809754	14809755	85385132	87788853	87788854	49383374	954163	85384852	85384853	954167	954168	954187	954189	49383377	49383378	954170	954172	954175	954178	954179	954193	954195	954196	758395	758399	758400	756854	49383381	49383382	756858	756855	756862	14947470	14947471
758391	758392	1	0.302	116.46502	25.21864	116.46593	25.22124	758391	758392
758387	882862	1	23.58099999999999	116.46593	25.22124	116.61822	25.36124	758387	49383395	49383396	758372	758371	49383399	49383400	758379	758380	758381	758385	758386	765425	765426	815023	815026	815029	815030	815033	815034	815031	882807	49383407	49383408	882813	882814	882815	49383411	49383412	882820	882818	882825	882827	882831	882832	49383329	49383330	882829	882835	882836	14947568	14947569	882862
882864	882865	1	0.72	116.61822	25.36124	116.62291	25.36614	882864	882865
882848	14947425	1	20.448999999999998	116.62291	25.36614	116.69329	25.53049	882848	882849	1776653	12512247	12512248	1776678	1776679	1776655	1776656	1776659	1776681	1776684	1776685	1776652	1776649	1821587	1821592	49430102	49430106	49430107	1821599	1821603	1821606	1821611	1821615	1829396	1821623	1821631	1829401	767511	767514	767516	767518	767521	14947424	14947425
767508	767509	1	0.42900000000000005	116.69329	25.53049	116.69276	25.53433	767508	767509
767504	1013987	1	17.028000000000002	116.69276	25.53433	116.76389	25.6575	767504	767505	767503	767524	767526	767531	767532	767528	848640	848641	848637	848642	848643	848629	49383484	49383485	49383481	1013988	1013987
1013980	1013979	1	0.427	116.76389	25.6575	116.76809	25.65804	1013980	1013979
1013986	997495	1	22.508	116.76809	25.65804	116.97235	25.67707	1013986	1013984	1012468	1012466	1012464	1012462	1012460	866239	866253	866256	49383427	49383428	866235	866234	866229	49383431	49383432	866224	866225	866226	49383472	49383476	49383477	866261	866263	866265	866267	866270	49383442	49383443	49383441	866220	49383454	49383455	866217	997477	997478	49383450	49383451	997481	997474	997484	997485	997486	997472	997473	997468	997489	49383446	49383447	997466	997493	997494	997495
997460	997461	1	0.379	116.97235	25.67707	116.97453	25.67986	997460	997461
997463	799329	1	18.848999999999997	116.97453	25.67986	117.13203	25.75517	997463	49383458	49383459	997445	997444	997449	997498	997501	997502	997441	997505	997506	784581	49383461	49383460	783100	783043	783095	783097	49383465	49383464	783092	783045	783089	783090	784583	784585	784587	784589	784591	784595	784594	49383469	49383468	783047	783081	783083	14726348	14726347	783079	783106	783105	783076	783078	14726352	14726351	783070	783049	783107	783109	783111	783113	783112	783051	12511828	14726354	14726353	783054	783066	783065	784597	784599	784601	784605	14726360	14726359	783062	783058	783060	783059	835273	799325	799328	799329
799320	799321	1	0.631	117.13203	25.75517	117.13757	25.75783	799320	799321
799310	836371	1	16.026999999999997	117.13757	25.75783	117.24719	25.84803	799310	799309	799301	799302	797815	799299	797733	797735	797737	797739	797741	797743	797745	797747	797749	797751	797752	14726363	14726364	797757	797759	797761	797763	797765	797767	797769	797771	797772	14726367	14726368	797777	797779	797781	797783	797785	14726369	14726370	797789	797808	797809	797791	797793	797795	797797	797799	797801	14726373	14726375	14726376	797805	836360	836364	836365	836368	836370	836371
14726377	836377	1	0.582	117.24719	25.84803	117.24798	25.8532	14726377	14726378	836377
836379	801703	1	13.378	117.24798	25.8532	117.32351	25.94571	836379	836380	14726380	14726382	14726381	1056311	1056313	1056315	1056317	1056321	1056320	1056323	1056325	1056327	14726388	14726387	1056331	1056333	1057655	1057654	801708	801712	801716	801719	801721	801703
49430282	49430283	1	0.833	117.32351	25.94571	117.32969	25.95072	49430282	49430283
811319	811320	1	0.7050000000000001	117.32969	25.95072	117.33355	25.95597	811319	811320
801695	801665	1	6.495	117.33355	25.95597	117.35875	26.00349	801695	801699	801698	14726342	14726341	801668	801656	801666	801664	801657	801662	801665
801679	800173	1	0.7769999999999999	117.35875	26.00349	117.36249	26.00962	801679	801680	800173
800176	1053718	1	27.970000000000002	117.36249	26.00962	117.4796	26.20968	800176	801651	801653	1117077	14667010	14667011	85436083	914495	914498	914499	914487	914488	914508	914509	914503	914504	1053723	14667006	14667007	1053687	1052222	1053715	1053718
1052213	1052216	1	0.5940000000000001	117.4796	26.20968	117.48483	26.21199	1052213	1053734	1053736	1052216
1053699	1884941	1	7.9159999999999995	117.48483	26.21199	117.54922	26.24718	1053699	14667002	14667003	1053658	1884931	1884987	1884998	14667000	14667001	1884985	1884933	1884984	14666998	14666999	1886537	1884979	1884935	1884982	1886532	1886533	14809770	14809771	1884941
1884943	1884946	1	0.671	117.54922	26.24718	117.55587	26.24677	1884943	1886543	1886544	1884946
1886524	1341322	1	14.404999999999998	117.55587	26.24677	117.66125	26.32497	1886524	14666992	14666993	1884939	1884990	1884991	769382	769387	770937	770940	769391	49430246	49430247	770910	769395	770911	770913	770903	14666988	14666989	49430242	49430243	770906	1341311	1341331	1341332	1341329	1341327	1341324	1341322
1341320	1344489	1	0.648	117.66125	26.32497	117.66758	26.3262	1341320	87788685	87788686	1344488	1344489
1341307	49417800	1	14.401	117.66758	26.3262	117.77106	26.39778	1341307	1341314	1344482	1344483	49430236	49430237	1341301	1341300	49430234	14666986	14666987	1023076	1023056	1023060	1024638	1024642	14666982	14666983	1024648	1023040	14666980	14666981	1132051	1132054	1130071	49417799	49417800
1128431	1141528	1	0.666	117.77106	26.39778	117.77177	26.40374	1128431	1128432	1141523	1141528
1141492	979456	1	4.811999999999999	117.77177	26.40374	117.81017	26.4288	1141492	1141498	1130073	14809776	14809777	979456
1001938	49418154	1	21.755	117.81017	26.4288	117.99286	26.50809	1001938	979450	49417842	49417844	49417845	979433	14666950	14666951	979449	979427	1001927	979428	49417836	49418038	49418042	12511987	12511988	979435	832270	14666946	14666947	832264	830767	49417886	49417887	14666942	14666943	832267	830769	832268	49417882	49417913	49417914	49417910	1465568	1465540	1465609	1465610	1465541	49418149	49418153	49418154
1465613	1465538	1	0.359	117.99286	26.50809	117.99575	26.51004	1465613	1465614	1465538
1465607	12511851	1	13.301999999999996	117.99575	26.51004	118.11765	26.51547	1465607	1465608	1465539	1826174	1826177	1826176	1826183	1826182	1824620	1824700	49417877	49418027	49418031	49418030	1826186	1824701	1824618	49417873	49417872	1826191	14726632	14726631	1824644	1824643	49417869	12512028	12512027	49417920	49417924	49417928	49417927	1826194	1824703	1824616	1826173	49417865	12511852	12511851
1826199	1824631	1	0.881	118.11765	26.51547	118.12119	26.51816	1826199	1826198	1824631
14726483	2252067	1	8.656	118.12119	26.51816	118.12856	26.59182	14726483	14726484	1826206	2013957	2013959	2012404	49417861	12511856	12511855	49418025	49418024	49417937	49417931	2013971	2013965	2013961	2252068	2252067
2247421	2253670	1	0.623	118.12856	26.59182	118.13063	26.59712	2247421	2253671	2253670
2253655	896959	1	13.466000000000001	118.13063	26.59712	118.19329	26.68738	2253655	2253659	14726488	14726487	2242733	49417851	49417850	2253663	2253662	2242731	14726494	14726493	2253667	14726498	14726497	2247423	49417855	49417854	896990	12512042	12512044	12512043	898444	898446	898445	896991	898473	898452	896993	898456	12512046	14947443	14947442	896959
898477	896956	1	0.8580000000000001	118.19329	26.68738	118.19681	26.69427	898477	898476	896956
896955	1011203	1	13.281999999999998	118.19681	26.69427	118.25581	26.7793	896955	898464	898463	898429	896988	898466	898465	898430	896986	12512048	14726514	14726513	898468	898467	896985	898472	898471	12512050	12512049	896981	896980	896979	12512052	12512051	896975	896974	896971	896967	14726515	14726516	896264	896259	896258	896267	896268	896255	896256	896250	896274	896275	896248	896245	1011202	1011204	1011203
1011191	1011188	1	0.746	118.25581	26.7793	118.25884	26.78542	1011191	14726520	14726519	1012677	1011188
1011190	905299	1	9.974	118.25884	26.78542	118.31548	26.85069	1011190	1011198	1011199	1011208	1011207	1011196	14726522	14726521	1012670	1012669	1011194	1011226	1012668	1011233	905295	905298	905299
905284	906672	1	0.709	118.31548	26.85069	118.31534	26.85704	905284	906671	906672
905282	85413464	1	23.540000000000006	118.31534	26.85704	118.35304	27.04887	905282	905290	905291	906663	906664	905307	905289	906657	906658	14726527	14726528	906654	906648	905286	816406	816407	816414	816413	816388	816387	816384	816428	816427	816386	49418007	49418006	49418000	816393	14726532	14726531	816420	816419	816395	14726536	14726535	816421	816412	816398	14726538	14726537	816424	816423	816400	820620	825355	825356	12512061	12512062	820622	820624	820626	825295	825296	820628	12512063	12512064	822118	14809764	14809765	85413464
85080967	85168435	1	1.6229999999999998	118.35304	27.04887	118.35645	27.06306	85080967	85080968	12848887	825367	825368	820618	826810	85168447	85168435
85168437	85123796	1	17.934999999999995	118.35645	27.06306	118.51622	27.08727	85168437	85413470	85080962	85080961	85413200	85413199	85413195	85413202	85413486	85413485	85413496	85413578	85413577	85413573	85413489	85413212	85413216	85413570	85413569	85413560	85413564	85413568	85413567	85413555	85413550	85413549	85413545	85413539	85413534	85413538	85413537	85413517	85168466	85413510	85413509	85413505	85413501	85413499	85123807	85123808	85123806	85123802	85080959	85080960	85123796
85404432	87788656	1	0.45999999999999996	118.51622	27.08727	118.51791	27.09113	85404432	87788655	87788656
85080953	85413440	1	16.897000000000002	118.51791	27.09113	118.65304	27.15824	85080953	85080954	85123816	85123819	85123823	85123827	85123831	85123835	85123839	14726565	14726566	85123851	85123855	85123859	85123863	14726567	14726568	85123872	14726569	14726570	85123879	85123883	85123895	85123896	85123889	14726571	14726572	85413381	85413385	85413387	85413405	85413413	85413417	85413421	85413422	85413394	85413425	14726575	14726576	85413427	85413433	85413437	14726581	14726582	85080948	85413440
85168680	85413461	1	10.065000000000001	118.65304	27.15824	118.68562	27.23912	85168680	85080939	85080940	85413122	85413254	85413253	85413372	85413371	14726586	14726585	85413114	85413113	85413252	85413251	85413256	14726588	14726587	85413257	85413356	85413358	85413357	85413259	85413462	85413461
85080936	85080933	1	0.732	118.68562	27.23912	118.68633	27.24563	85080936	14726594	14726593	85080933
85413228	85404162	1	13.443999999999999	118.68633	27.24563	118.68675	27.35022	85413228	14726596	14726595	85413233	85413217	85413229	85413230	85413351	85413352	85413307	85413319	85413320	85413323	85413324	85413310	14726597	14726598	85413331	85413332	85413333	85413347	85413348	85413344	85413340	85413303	85413304	85413300	85413296	85413292	85413288	85413283	85413284	14726947	14726948	85404136	85404139	85404143	85404147	85404151	85404155	85404159	85404161	85404162
85404376	85404379	1	1.31	118.68675	27.35022	118.68409	27.36119	85404376	85404378	85404379
85404179	85404255	1	10.862000000000002	118.68409	27.36119	118.67327	27.44987	85404179	85404181	85404203	85404211	85404212	85404208	85404200	85404215	85404219	85404221	14726831	14726832	85404228	85404239	85404240	85404235	85371432	85371433	85404248	85404247	85404243	85404252	85404256	85404255
85404262	85404384	1	0.698	118.67327	27.44987	118.67577	27.45569	85404262	85404385	85404384
85404389	85168601	1	9.489	118.67577	27.45569	118.75	27.50321	85404389	85404388	85404276	85404282	85404281	85404393	85404392	85404397	85404396	85413192	85413191	85413187	85413183	85413179	85168601
85168595	85404278	0	9.276	118.75	27.50337	118.67688	27.45753	85168595	85413177	85413181	85413185	85413189	85404289	85404290	85404394	85404395	85404390	85404391	85404284	85404280	85404278
85404386	85404387	0	0.45	118.67688	27.45753	118.67454	27.45405	85404386	85404387
85404257	85404177	0	11.411999999999999	118.67454	27.45405	118.68376	27.36065	85404257	85404382	85404383	85404254	85404250	85404241	85404245	85404246	85371431	85371430	85404233	85404238	85404237	85404224	85404226	85404225	85404217	85404213	85404198	85404206	85404210	85404209	85404201	85404381	85404380	85404177
85168722	85413460	0	14.871	118.68376	27.36065	118.68568	27.24403	85168722	85404164	85404375	85404374	85404157	85404153	85404149	85404145	85404141	85404137	85404133	85404129	85413282	85413281	85413286	85413290	14726602	14726601	85413298	85413302	85413301	85413338	85413342	85413346	85413345	85413335	85413330	85413329	14726600	14726599	85413312	85413322	85413321	85413316	85413315	85413305	85413350	85413349	85413232	85413231	85413219	85413235	85413236	85080931	14947562	14947563	85413460
85415290	85415291	0	0.42	118.68568	27.24403	118.68544	27.24026	85415290	85415291
85080937	85413375	0	9.702	118.68544	27.24026	118.65649	27.16118	85080937	14726591	14726592	85413362	85413359	85413360	85413354	85413363	14726589	14726590	85413366	85413249	85413250	85413111	85413112	85413110	85413367	85413373	85413374	85413116	85413120	85413376	85413375
85080942	85080945	0	0.788	118.65649	27.16118	118.65035	27.15675	85080942	87788148	14726584	14726583	85080945
14726580	85123811	0	16.593000000000004	118.65035	27.15675	118.51797	27.09162	14726580	14726579	14726577	85123953	85413431	85413401	85413430	14726574	14726573	85413423	85413410	85413420	85413419	85413415	85413411	85413407	85413404	85413403	85413383	85413379	85123892	85123891	85123894	85123893	85123881	85123877	85123873	85123870	85123869	85123861	85123857	85123853	85123849	85123847	85123841	85123837	85123833	85123829	85123825	85123821	85123817	85123811
85080956	85080957	0	0.5720000000000001	118.51797	27.09162	118.51587	27.08682	85080956	87788142	14726564	14726563	85080957
85123798	85413472	0	16.49	118.51587	27.08682	118.36765	27.06965	85123798	85123797	85123800	85123804	85123810	85123809	85413497	85413503	85413507	85413511	85413512	85168474	85413519	85413535	85413536	85413541	85413543	85413547	85413551	14726561	14726562	85413553	85413565	85413566	85413562	85413558	85413526	85413214	85413210	85413491	85413571	85413575	85413576	85413494	85413487	85413488	85413208	85413193	85413197	85413198	85413471	85413472
85080965	85080964	0	1.626	118.36765	27.06965	118.35537	27.06111	85080965	85080966	85080964
85168445	85168403	0	1.147	118.35537	27.06111	118.35309	27.05102	85168445	826808	820617	825366	825365	12848885	85168403
85080970	14809760	0	23.684000000000008	118.35309	27.05102	118.31519	26.85821	85080970	85080969	822121	822120	820631	820629	825298	825297	820627	820625	820623	825358	825357	14726540	14726539	820621	816401	816425	816426	816411	816399	14726533	14726534	816396	816431	816432	816433	816391	12512059	12512060	49418004	49418005	816385	816429	816430	816383	816389	816390	14726529	14726530	816416	816408	816405	905287	906656	906655	14726526	14726525	906659	905306	905288	906662	906661	906649	905293	14809761	14809760
905283	906673	0	0.276	118.31519	26.85821	118.31542	26.85574	905283	906674	906673
905285	1011197	0	10.171000000000001	118.31542	26.85574	118.26011	26.78843	905285	905297	905296	905294	14726523	14726524	1011232	1011227	1011193	1011224	1011225	1011195	12512055	12512056	1011210	1011200	1011197
1012679	1011189	0	0.413	118.26011	26.78843	118.25845	26.78502	1012679	1012680	1011189
12512057	14809785	0	13.701	118.25845	26.78502	118.19735	26.6966	12512057	12512058	1011205	1011206	1011201	896247	896246	896249	896277	896276	896254	896253	896261	14726518	14726517	896269	896257	896266	896265	896260	896965	896970	896972	896973	896976	896978	896982	896983	898434	898435	896984	898469	898470	896987	12512053	14726511	14726512	898432	896989	14809784	14809785
896953	898475	0	0.534	118.19735	26.6966	118.19601	26.69193	896953	898474	898475
14726509	2247424	0	14.342999999999996	118.19601	26.69193	118.12947	26.59462	14726509	14726510	896963	14726507	14726508	898438	896994	898453	898454	14726505	14726506	898428	896992	898447	898448	898443	898441	14726501	14726502	2253668	14726499	14726500	2247422	14726495	14726496	2253664	14726491	14726492	2242732	49417852	49417853	2252062	2253660	14726489	14726490	2242734	49417848	49417849	2247424
2253672	2253673	0	0.322	118.12947	26.59462	118.12843	26.59187	2253672	2253673
49417858	1826203	0	8.658000000000001	118.12843	26.59187	118.12092	26.51816	49417858	49417859	2252070	2013963	2013966	2013968	49417933	49417935	49418022	49418023	12512204	12512205	12512203	14726485	14726486	2012406	2013955	49417863	49417862	1826204	1826203
1824633	1464059	0	13.467999999999995	118.12092	26.51816	117.99932	26.51204	1824633	1824630	1826197	12511854	12511853	1824695	1824615	49417867	49417930	49417929	49417925	49417921	49417917	1826192	14726630	14726629	1824690	1824689	49417871	14726634	14726633	1826189	1826188	1824617	1824698	49417875	49418033	49418032	14726638	14726637	1826185	1826184	49417879	49417878	1826179	1826178	1826175	1464059
1465545	1464091	0	0.46699999999999997	117.99932	26.51204	117.99532	26.50991	1465545	87788384	87788383	1465615	1464091
1465537	979429	0	21.458000000000006	117.99532	26.50991	117.81573	26.4272	1465537	49418156	49418155	49418151	1465543	1465612	1465611	1465544	1465600	1465599	49417908	49417912	49417911	49417880	832261	830768	832263	49417885	49417884	14666945	14666944	832278	830766	832275	49417889	49417888	49417838	832272	979436	14666949	14666948	49418044	49418040	979446	979421	1001926	979422	49417835	49417834	979432	49417847	49417846	49417840	49417832	979429
979452	979453	0	0.8009999999999999	117.81573	26.4272	117.81063	26.43041	979452	979454	979453
1001933	1130072	0	4.861000000000001	117.81063	26.43041	117.77199	26.40481	1001933	979458	979457	1130072
1130053	1141515	0	0.34099999999999997	117.77199	26.40481	117.7713	26.40181	1130053	1141511	1141515
1141478	1341312	0	14.764000000000001	117.7713	26.40181	117.66816	26.32644	1141478	1141470	14666977	14666976	1139945	1130070	49417798	49417797	1024653	14666979	14666978	1023039	49430222	49430221	1023052	1023048	1024635	1024632	1023079	14666985	14666984	1344485	1336533	1336608	49430239	14947575	14947574	1341312
1341309	1341308	0	0.329	117.66816	26.32644	117.66491	26.32595	1341309	1341308
1341306	1884947	0	14.909999999999997	117.66491	26.32595	117.55469	26.24723	1341306	1341323	1341325	1341326	1341328	49430241	49430240	1344476	1344475	1341310	770904	770920	772510	772508	770901	770917	49430245	49430244	769393	772502	772499	769389	770944	770942	769385	769381	14666991	14666990	1884988	1884938	1886523	1886522	1884947
1886542	1886541	0	0.437	117.55469	26.24723	117.55034	26.24751	1886542	1886541
1884945	1052218	0	8.122	117.55034	26.24751	117.48415	26.212	1884945	1884944	1884936	1884981	1884980	1884934	1884978	1886535	1886534	1884983	1884932	1886539	1886538	1886540	1884986	1884930	1052224	1053670	1053666	1052218
1053660	1053728	0	0.501	117.48415	26.212	117.47974	26.21001	1053660	1053731	1053728
1052212	12511985	0	27.753	117.47974	26.21001	117.36377	26.0116	1052212	14667005	14667004	1055191	1052220	1053684	1053681	914502	914501	914489	914511	914510	914486	14667009	14667008	914496	914494	85436085	14667013	14667012	1117076	801649	12511986	12511985
801684	800175	0	0.327	117.36377	26.0116	117.36201	26.00913	801684	801682	800175
14667015	14809713	0	7.037999999999999	117.36201	26.00913	117.33374	25.9576	14667015	14667014	801660	801659	801655	49430219	49430220	801737	801658	801654	801661	801670	801731	801734	14809712	14809713
801701	811282	0	0.588	117.33374	25.9576	117.3308	25.95302	801701	811282
811322	801704	0	1.125	117.3308	25.95302	117.32306	25.9457	811322	811321	801704
801723	836362	0	13.160999999999998	117.32306	25.9457	117.24877	25.85489	801723	801717	801714	801710	801705	1057652	14726389	14726390	1056332	1056330	1056328	1056326	14726385	14726386	1056322	1056318	1056319	1056316	1056314	14726383	14726384	1056310	1056308	836362
836378	836382	0	0.378	117.24877	25.85489	117.24723	25.8518	836378	836384	836382
836375	14726361	0	16.120000000000005	117.24723	25.8518	117.13949	25.75985	836375	836374	836369	836367	836366	49284719	49284718	836361	797803	797802	797800	797798	797796	797794	797792	14726372	14726371	797807	797806	797788	797786	797784	797782	797780	797778	797776	797774	797773	797770	797768	797766	797764	797762	797760	14726366	14726365	797756	797754	797753	797750	797748	797746	797744	797742	797740	797738	797736	797734	797732	797810	799304	799303	799300	14726362	14726361
799315	799322	0	0.41800000000000004	117.13949	25.75985	117.13646	25.75728	799315	799323	799322
799319	997448	0	18.787000000000003	117.13646	25.75728	116.97762	25.68409	799319	799327	799326	799324	14726357	14726358	835275	783056	783057	783061	12511829	12511830	784603	784600	784598	14726355	14726356	783063	783064	783053	783068	783069	783067	783052	784576	784577	783114	783110	783108	783050	783071	783072	14726349	14726350	783075	783073	783103	783104	783080	783084	783085	783048	783087	783088	784592	784593	784590	784588	784586	784584	784582	49383466	49383467	783046	783093	783094	49383462	49383463	783099	783044	783101	783102	784578	784579	997503	997504	997442	997499	997500	49383456	49383457	997443	997446	997447	997448
997450	997508	0	0.775	116.97762	25.68409	116.97313	25.67841	997450	87967319	87967320	997507	997508
997459	1012471	0	22.164999999999996	116.97313	25.67841	116.77288	25.65768	997459	49383444	49383445	997467	997491	997492	997469	997470	997471	14726345	14726346	49383449	997487	997475	997482	997483	49383452	49383453	997476	866218	866221	866222	49383435	49383437	49383438	866269	866266	866264	866262	866260	49383474	49383475	49383471	49383434	866227	866223	866228	14726343	14726344	49383430	866232	866233	866236	866237	866254	866255	866252	866238	1012459	1012461	1012463	1012465	1012467	1012471
49383425	1013990	0	0.743	116.77288	25.65768	116.76552	25.65804	49383425	87967503	87967504	1013989	1013990
1013975	767501	0	16.576	116.76552	25.65804	116.69341	25.54015	1013975	1013976	49383479	49383483	49383482	848631	848645	848644	12511822	12511821	848639	848638	767527	767530	767529	767525	767523	767502	767501
767534	767506	0	1.002	116.69341	25.54015	116.69296	25.53126	767534	767533	767506
767507	14947586	0	20.02	116.69296	25.53126	116.62513	25.37022	767507	767520	767519	767517	767515	767513	767512	1821628	1821624	1821619	1821617	1821613	1821609	1821604	1821601	1821597	49430105	49430104	49430100	1821589	1821585	1776650	1776651	1776683	1776682	1776680	1776658	1776657	1776654	1776677	1776676	14947587	14947586
1776642	49383325	0	1.039	116.62513	25.37022	116.61923	25.36258	1776642	882868	882867	49383326	49383325
860586	882863	0	0.32799999999999996	116.61923	25.36258	116.61699	25.36043	860586	860585	882863
882842	14947428	0	22.913000000000004	116.61699	25.36043	116.4678	25.22564	882842	882838	49383328	49383327	882828	882834	882833	49383414	49383413	882824	882823	882817	882822	882821	49383410	49383409	882812	882811	49383406	49383405	882808	815032	815035	815037	49383404	49383403	815028	815027	815025	815024	765424	765423	758384	758383	49383402	49383401	758378	12512193	12512192	12512190	49383397	758370	758373	758375	14947429	14947428
758390	758389	0	0.647	116.4678	25.22564	116.46537	25.22026	758390	758389
758394	813812	0	17.280000000000005	116.46537	25.22026	116.41087	25.08305	758394	49383384	49383383	756856	756861	756860	756859	756853	758398	758397	758396	954198	954197	49383380	49383379	954177	954176	954174	954173	954171	954192	954191	49383376	49383375	954169	85384851	85384850	954180	85384855	85384854	85239720	954185	954202	954201	954182	954181	954157	14809753	14809752	813812
829068	829066	0	0.39	116.41087	25.08305	116.40847	25.0803	829068	829066
829057	86394878	0	20.705	116.40847	25.0803	116.22405	25.03759	829057	49430148	49430147	49430143	85827196	85827195	748247	748245	748243	748253	748258	748257	748249	728835	728853	49383372	12472746	14947589	14947588	86394878
86394832	86394842	0	0.661	116.22405	25.03759	116.22107	25.03231	86394832	86394842
86394881	728841	0	0.643	116.22107	25.03231	116.22055	25.02658	86394881	86394880	49430155	728841
728857	728844	0	0.619	116.22055	25.02658	116.22232	25.02127	728857	728856	728844
