G3#85413583#14947519	85413583	14947519	1	23.297	118.35874	27.06873	118.18764	27.16758	85413583	85413584	14726541	14726542	766295	766299	764847	766315	766327	49417956	49417957	49417953	764856	14726545	14726546	766310	764862	766292	766346	766349	764870	764873	764880	764883	844225	844227	844229	844231	844232	14947518	14947519
G3#14726547#1232066	14726547	1232066	1	9.51	118.18764	27.16758	118.13144	27.22805	14726547	14726548	1232110	1232111	1232086	1232087	1232046	1232106	1232107	1232047	1232090	1232091	12512069	14726549	14726550	1232060	1232049	1232063	1232066
G3#1232072#773620	1232072	773620	1	16.808	118.13144	27.22805	118.08573	27.36148	1232072	1232102	1232103	1232098	1232099	1232071	1232051	1232052	1558130	1558133	1558134	2007344	2007348	2005728	2007361	2008875	12512071	12512072	12512073	14726557	14726558	2008888	2005733	2008896	2008901	2008853	2005742	49429389	49429390	49429384	773620
G3#773653#12835107	773653	12835107	1	10.916000000000002	118.08573	27.36148	118.07013	27.44628	773653	773655	14726799	14726800	781458	773644	779938	14726797	14726798	14726794	779926	779927	773658	776792	776796	776798	12511927	12835126	12835127	12835107
G3#12834988#935598	12834988	935598	1	4.715999999999999	118.07013	27.44628	118.0666	27.48625	12834988	12835122	12835123	935591	935592	935597	935598
G3#12511929#857368	12511929	857368	1	18.771	118.0666	27.48625	118.21942	27.58977	12511929	12511930	935608	935578	935582	935587	935588	935584	883399	846467	847911	87788555	87788556	847933	847934	847906	49429368	49429372	49429373	847917	857339	857367	857368
G3#857350#1281457	857350	1281457	1	26.356000000000005	118.21942	27.58977	118.37132	27.71534	857350	857351	857355	14726779	14726780	818436	818437	818438	818414	818441	818442	818416	818443	818444	818434	818419	818432	818447	818448	818430	818421	1281473	1281474	1281479	1281482	1281488	12511941	12511942	1281478	818423	818425	12511937	12511938	1281457
G3#1281465#2054392	1281465	2054392	1	14.237	118.37132	27.71534	118.45218	27.80757	1281465	1281466	1281494	1281495	1281463	1281464	969477	2054428	2054433	14726773	14726774	2054477	2054479	2054438	2054460	2054464	2054466	2054384	2055996	2055998	2054388	2054392
G3#2054424#49429459	2054424	49429459	1	10.657	118.45218	27.80757	118.51529	27.87828	2054424	2055992	2055994	2054426	14726771	14726772	2055986	2054441	1158738	1158740	1158742	1158743	49429458	49429459
G3#49429424#49429425	49429424	49429425	1	2.311	118.51529	27.87828	118.51239	27.8988	49429424	49429425
G3#1921995#1012235	1921995	1012235	1	17.927	118.51239	27.8988	118.51597	28.05047	1921995	1922037	1922038	1921998	1922000	773664	773662	1012235
G3#1012225#49429442	1012225	49429442	1	26.515000000000008	118.51597	28.05047	118.51014	28.25	1012225	1012224	1012228	1012227	835970	835973	835987	835986	835975	835977	12511946	12511945	917202	917193	917187	917195	917196	917197	917208	14947517	14947516	917198	917211	917210	917192	917191	917214	49429447	49429446	49429442
G3#12512216#1012207	12512216	1012207	0	25.568	118.50994	28.25	118.52103	28.05717	12512216	12512218	12512219	49429448	49429449	917216	917190	917212	14947514	14947515	49429451	917209	917206	917188	917194	917204	917205	835976	835974	835984	835985	835971	835972	1012207
G3#1012226#12511943	1012226	12511943	0	17.71	118.52103	28.05717	118.51014	27.90877	1012226	1012243	1012244	1012223	1012236	772179	772180	12511944	12511943
G3#1921994#14947474	1921994	14947474	0	2.578	118.51014	27.90877	118.51495	27.88602	1921994	1922036	1922035	1921997	14947475	14947474
G3#49429421#2055987	49429421	2055987	0	10.504000000000001	118.51495	27.88602	118.4613	27.81164	49429421	49429403	14726770	14726769	1158744	1158741	1158739	2054440	2055989	2055987
G3#2054462#1281455	2054462	1281455	0	14.288000000000002	118.4613	27.81164	118.37432	27.72361	2054462	2056007	2056005	2054422	2054420	2054386	2056003	2056001	2054382	2054482	2054481	2054458	2054436	2054457	2054455	2054434	2054431	969476	1281455
G3#1281469#857352	1281469	857352	0	26.958000000000013	118.37432	27.72361	118.22353	27.59172	1281469	1281468	1281497	1281496	1281462	1281461	818428	818427	818424	14726776	14726775	1281481	1281480	1281472	1281471	818422	818429	14726778	14726777	12511939	818449	818431	818420	818433	818446	818445	818418	818417	818415	818440	818439	818435	857354	857353	857352
G3#857341#12511931	857341	12511931	0	18.922000000000004	118.22353	27.59172	118.07687	27.49219	857341	857349	857370	857369	857348	857347	847920	14726782	14726781	49429374	49429370	847922	847936	847932	846470	846469	883398	935583	935590	935589	12511932	12511931
G3#935577#12834981	935577	12834981	0	4.965	118.07687	27.49219	118.06681	27.4546	935577	935606	935605	935580	935594	935593	12834981
G3#12834980#14726795	12834980	14726795	0	10.917	118.06681	27.4546	118.08197	27.36919	12834980	12511934	12835121	12835125	12835124	12834975	12511935	779936	779934	776790	773661	779931	779929	14726796	14726795
G3#773642#1232067	773642	1232067	0	16.902	118.08197	27.36919	118.12754	27.23493	773642	781462	781459	773623	779951	779950	49429386	49429388	49429387	2005751	2008908	2008906	2007368	14726560	14726559	2005738	2008893	2008891	2008831	14726556	14726555	2007364	2008873	2010385	2007356	2007351	1558132	1558131	1558129	1232054	1232053	1232067
G3#14726552#1232040	14726552	1232040	0	9.966	118.12754	27.23493	118.18505	27.17019	14726552	14726551	1232105	1232104	1232095	1232094	1232093	1232092	1232064	1232050	1232062	1232061	1232055	1232048	1232109	1232108	1232045	1232089	1232088	1232040
G3#1232113#85168426	1232113	85168426	0	23.306	118.18505	27.17019	118.35684	27.07126	1232113	1232112	1232027	844247	844251	844250	844233	844230	844228	844226	12512066	12512065	764886	764877	764869	766290	766287	764865	766345	766340	766302	764859	49417955	49417959	14726544	14726543	12512068	12512067	764851	766324	766321	85168426
