763190	1	1.597	117.0	27.25816	117.016	27.25902
763185	1	0.374	117.016	27.25902	117.01973	27.25864
763188	1	0.304	117.01973	27.25864	117.02267	27.25784
763187	1	1.79	117.02267	27.25784	117.03865	27.25037
763184	1	0.154	117.03865	27.25037	117.04015	27.25
831047	1	0.235	117.04015	27.25	117.04248	27.24961
831046	1	0.096	117.04248	27.24961	117.04344	27.24946
831056	1	0.249	117.04344	27.24946	117.04594	27.2492
831055	1	0.535	117.04594	27.2492	117.05135	27.24919
831020	1	0.42	117.05135	27.24919	117.05559	27.24913
831022	1	0.795	117.05559	27.24913	117.06338	27.24763
831025	1	0.41	117.06338	27.24763	117.06726	27.24634
14726678	1	1.095	117.06726	27.24634	117.0749	27.23952
14726677	1	0.831	117.0749	27.23952	117.08016	27.23383
14726674	1	0.409	117.08016	27.23383	117.08408	27.23271
14726673	1	0.169	117.08408	27.23271	117.08567	27.23218
831030	1	0.866	117.08567	27.23218	117.09015	27.22558
831029	1	1.582	117.09015	27.22558	117.10374	27.22005
831018	1	0.466	117.10374	27.22005	117.10445	27.21595
12512034	1	0.47	117.10445	27.21595	117.10544	27.21189
12512033	1	0.901	117.10544	27.21189	117.11376	27.20962
831054	1	0.061	117.11376	27.20962	117.11437	27.20957
831053	1	0.022	117.11437	27.20957	117.11459	27.20955
831031	1	0.274	117.11459	27.20955	117.11725	27.20891
831033	1	0.181	117.11725	27.20891	117.11898	27.20839
831038	1	0.026	117.11898	27.20839	117.11923	27.20831
49392496	1	0.016	117.11923	27.20831	117.11938	27.20826
12512233	1	0.057	117.11938	27.20826	117.1199	27.20804
12512235	1	0.02	117.1199	27.20804	117.12009	27.20797
12512234	1	0.071	117.12009	27.20797	117.12075	27.20771
49392499	1	0.456	117.12075	27.20771	117.125	27.20611
14809794	1	0.023	117.125	27.20611	117.12521	27.20602
14809795	1	0.112	117.12521	27.20602	117.12624	27.20561
846221	1	0.034	117.12624	27.20561	117.12654	27.20546
846222	1	0.114	117.12654	27.20546	117.12754	27.20496
846273	1	0.143	117.12754	27.20496	117.1288	27.20433
846274	1	0.067	117.1288	27.20433	117.12939	27.20403
846231	1	0.104	117.12939	27.20403	117.13029	27.20354
846271	1	0.096	117.13029	27.20354	117.13105	27.203
846272	1	0.03	117.13105	27.203	117.13128	27.20282
846215	1	1.534	117.13128	27.20282	117.14198	27.19283
846242	1	0.025	117.14198	27.19283	117.14216	27.19267
846254	1	0.133	117.14216	27.19267	117.14309	27.19181
846255	1	0.251	117.14309	27.19181	117.14505	27.19037
846258	1	0.345	117.14505	27.19037	117.14779	27.18845
846261	1	0.631	117.14779	27.18845	117.15202	27.18425
49392505	1	0.21	117.15202	27.18425	117.15301	27.18258
49392506	1	1.904	117.15301	27.18258	117.16472	27.16948
846264	1	0.127	117.16472	27.16948	117.16545	27.16854
846265	1	0.0050	117.16545	27.16854	117.16547	27.1685
846218	1	0.213	117.16547	27.1685	117.16609	27.16667
903170	1	0.115	117.16609	27.16667	117.16619	27.16564
904610	1	0.0050	117.16619	27.16564	117.1662	27.1656
904611	1	0.973	117.1662	27.1656	117.16961	27.15774
904609	1	0.079	117.16961	27.15774	117.17025	27.15731
903181	1	0.032	117.17025	27.15731	117.17051	27.15714
903166	1	2.669	117.17051	27.15714	117.1958	27.14908
904605	1	0.02	117.1958	27.14908	117.196	27.14909
904606	1	0.13	117.196	27.14909	117.19729	27.14929
903184	1	0.353	117.19729	27.14929	117.20061	27.15043
12512029	1	1.036	117.20061	27.15043	117.20854	27.14582
12512030	1	2.445	117.20854	27.14582	117.22768	27.13403
903196	1	0.329	117.22768	27.13403	117.22892	27.13129
903194	1	0.033	117.22892	27.13129	117.22902	27.13101
903182	1	0.026	117.22902	27.13101	117.2291	27.13079
903164	1	0.299	117.2291	27.13079	117.23087	27.12864
903188	1	0.324	117.23087	27.12864	117.23386	27.12755
903191	1	0.353	117.23386	27.12755	117.23734	27.12687
903192	1	0.044	117.23734	27.12687	117.23777	27.12679
903183	1	0.065	117.23777	27.12679	117.23841	27.12666
903162	1	0.262	117.23841	27.12666	117.24099	27.12615
14726667	1	0.388	117.24099	27.12615	117.24482	27.12538
14726668	1	0.531	117.24482	27.12538	117.25	27.12414
14809790	1	0.21	117.25	27.12414	117.25192	27.12334
14809791	1	0.538	117.25192	27.12334	117.25621	27.12039
870676	1	1.133	117.25621	27.12039	117.26106	27.11133
870678	1	0.214	117.26106	27.11133	117.26129	27.10941
864748	1	0.137	117.26129	27.10941	117.2615	27.10819
870648	1	0.156	117.2615	27.10819	117.26183	27.10682
870651	1	2.272	117.26183	27.10682	117.27166	27.089
866174	1	0.52	117.27166	27.089	117.27604	27.08642
866176	1	0.72	117.27604	27.08642	117.28242	27.08333
844731	1	0.251	117.28242	27.08333	117.28469	27.08233
844745	1	0.225	117.28469	27.08233	117.28672	27.08142
844748	1	0.437	117.28672	27.08142	117.2901	27.07899
14726663	1	4.903	117.2901	27.07899	117.29345	27.03694
14726664	1	0.656	117.29345	27.03694	117.29228	27.03113
12511948	1	0.408	117.29228	27.03113	117.29158	27.02751
844726	1	0.114	117.29158	27.02751	117.29138	27.0265
846193	1	0.303	117.29138	27.0265	117.29086	27.02381
846194	1	0.16	117.29086	27.02381	117.29059	27.02239
844725	1	0.109	117.29059	27.02239	117.2904	27.02142
844730	1	2.727	117.2904	27.02142	117.27955	27.0
1123240	1	0.724	117.27955	27.0	117.28228	26.99395
1123243	1	0.444	117.28228	26.99395	117.28337	26.99011
14018320	1	2.166	117.28337	26.99011	117.27505	26.97231
14018321	1	0.052	117.27505	26.97231	117.27496	26.97185
1121696	1	0.376	117.27496	26.97185	117.27447	26.96849
1123268	1	0.036	117.27447	26.96849	117.27443	26.96817
14726641	1	0.073	117.27443	26.96817	117.27434	26.96752
14726642	1	0.158	117.27434	26.96752	117.2742	26.96611
1121668	1	0.091	117.2742	26.96611	117.27424	26.96529
14018306	1	0.346	117.27424	26.96529	117.27504	26.96227
14018307	1	0.086	117.27504	26.96227	117.27542	26.96157
1123231	1	0.661	117.27542	26.96157	117.28	26.95737
14018304	1	0.154	117.28	26.95737	117.28141	26.95679
14018305	1	0.044	117.28141	26.95679	117.28183	26.95666
14018295	1	0.065	117.28183	26.95666	117.28246	26.95649
1123237	1	0.396	117.28246	26.95649	117.28642	26.95619
1123238	1	1.394	117.28642	26.95619	117.29958	26.95277
1123225	1	0.084	117.29958	26.95277	117.30042	26.9527
1121662	1	0.293	117.30042	26.9527	117.30337	26.95275
1123226	1	0.022	117.30337	26.95275	117.30359	26.95276
1123227	1	2.547	117.30359	26.95276	117.3266	26.94332
1123253	1	0.044	117.3266	26.94332	117.32696	26.94309
14726645	1	0.032	117.32696	26.94309	117.32722	26.94292
14726646	1	0.061	117.32722	26.94292	117.32772	26.9426
1121657	1	1.162	117.32772	26.9426	117.33712	26.93635
1123228	1	0.031	117.33712	26.93635	117.33737	26.93619
1123245	1	0.151	117.33737	26.93619	117.33858	26.93537
1123247	1	0.584	117.33858	26.93537	117.3432	26.93211
1123248	1	0.8	117.3432	26.93211	117.34955	26.92778
49392553	1	1.462	117.34955	26.92778	117.36418	26.92625
49392554	1	1.101	117.36418	26.92625	117.375	26.924
1887171	1	0.246	117.375	26.924	117.37739	26.92342
1887173	1	0.448	117.37739	26.92342	117.38136	26.92153
1887174	1	0.112	117.38136	26.92153	117.3823	26.92098
1887180	1	0.052	117.3823	26.92098	117.38273	26.92072
14726649	1	0.057	117.38273	26.92072	117.38321	26.92043
14726650	1	0.07	117.38321	26.92043	117.3838	26.92008
1887154	1	0.781	117.3838	26.92008	117.39072	26.91675
1887176	1	0.011	117.39072	26.91675	117.39082	26.91671
1887177	1	0.012	117.39082	26.91671	117.39093	26.91667
1838996	1	5.067	117.39093	26.91667	117.42657	26.88707
1838987	1	0.296	117.42657	26.88707	117.42727	26.88448
1839049	1	0.067	117.42727	26.88448	117.42744	26.8839
1839050	1	0.12	117.42744	26.8839	117.42776	26.88286
1837476	1	0.425	117.42776	26.88286	117.4288	26.87914
14726653	1	0.629	117.4288	26.87914	117.4295	26.87352
14726654	1	0.102	117.4295	26.87352	117.42953	26.8726
1839024	1	0.036	117.42953	26.8726	117.42954	26.87228
1839026	1	0.038	117.42954	26.87228	117.42955	26.87194
1837471	1	1.124	117.42955	26.87194	117.42998	26.86183
1839021	1	0.619	117.42998	26.86183	117.43263	26.85699
14726661	1	0.067	117.43263	26.85699	117.43314	26.8566
14726662	1	0.133	117.43314	26.8566	117.43415	26.85581
1837466	1	0.474	117.43415	26.85581	117.43786	26.85313
14726627	1	0.09	117.43786	26.85313	117.43858	26.85263
14726628	1	0.045	117.43858	26.85263	117.43894	26.85238
1837461	1	1.233	117.43894	26.85238	117.4485	26.84529
1839017	1	1.34	117.4485	26.84529	117.45503	26.83482
1839018	1	0.05	117.45503	26.83482	117.45533	26.83446
14726625	1	0.044	117.45533	26.83446	117.45562	26.83416
14726626	1	0.131	117.45562	26.83416	117.45656	26.83333
1382383	1	2.034	117.45656	26.83333	117.47351	26.82307
1382409	1	0.027	117.47351	26.82307	117.47367	26.82287
14726620	1	0.568	117.47367	26.82287	117.47662	26.81849
14726619	1	0.305	117.47662	26.81849	117.4782	26.81614
14726617	1	0.03	117.4782	26.81614	117.47836	26.81591
1382411	1	0.027	117.47836	26.81591	117.47849	26.8157
1382375	1	0.355	117.47849	26.8157	117.48027	26.81293
1382408	1	0.575	117.48027	26.81293	117.48222	26.80811
1382414	1	0.086	117.48222	26.80811	117.48222	26.80734
49392556	1	2.165	117.48222	26.80734	117.49401	26.79339
49392555	1	0.635	117.49401	26.79339	117.5	26.79138
1555054	1	3.16	117.5	26.79138	117.51602	26.76959
1555041	1	0.106	117.51602	26.76959	117.51697	26.76915
1556582	1	0.273	117.51697	26.76915	117.51942	26.76804
1556583	1	0.221	117.51942	26.76804	117.52141	26.76715
1555042	1	0.124	117.52141	26.76715	117.52252	26.76664
1556568	1	1.023	117.52252	26.76664	117.52802	26.75924
1556571	1	1.053	117.52802	26.75924	117.53088	26.75012
1556572	1	0.013	117.53088	26.75012	117.53089	26.75
881550	1	2.817	117.53089	26.75	117.52089	26.72749
881551	1	0.61	117.52089	26.72749	117.51802	26.72266
881548	1	0.079	117.51802	26.72266	117.51773	26.722
881554	1	0.408	117.51773	26.722	117.51619	26.71859
882980	1	0.05	117.51619	26.71859	117.51601	26.71817
882981	1	0.065	117.51601	26.71817	117.51578	26.71762
881505	1	0.33	117.51578	26.71762	117.51456	26.71485
881543	1	0.647	117.51456	26.71485	117.51221	26.70942
881545	1	0.338	117.51221	26.70942	117.51175	26.70642
881546	1	1.081	117.51175	26.70642	117.51754	26.69879
881560	1	0.029	117.51754	26.69879	117.51781	26.69869
881561	1	0.023	117.51781	26.69869	117.51803	26.69862
14726611	1	0.183	117.53137	26.69498	117.53316	26.69459
14726612	1	0.031	117.53316	26.69459	117.53347	26.69453
881495	1	0.499	117.53347	26.69453	117.53796	26.69261
881555	1	0.103	117.53796	26.69261	117.53871	26.69197
881556	1	0.054	117.53871	26.69197	117.5391	26.69163
881492	1	0.71	117.5391	26.69163	117.542	26.68585
881537	1	0.275	117.542	26.68585	117.54382	26.68403
881558	1	0.056	117.54382	26.68403	117.5443	26.68377
49392564	1	0.264	117.5443	26.68377	117.54671	26.68277
49392568	1	0.35	117.54671	26.68277	117.54987	26.68138
49392569	1	1.663	117.54987	26.68138	117.56451	26.67432
881539	1	0.296	117.56451	26.67432	117.56657	26.6724
881540	1	0.933	117.56657	26.6724	117.57338	26.66667
14666974	1	0.811	117.57338	26.66667	117.58109	26.66431
14666975	1	0.049	117.58109	26.66431	117.58154	26.66414
802590	1	0.028	117.58154	26.66414	117.58179	26.66403
802597	1	0.017	117.58179	26.66403	117.58194	26.66396
800995	1	0.229	117.58194	26.66396	117.58394	26.66294
802561	1	0.05	117.58394	26.66294	117.58436	26.6627
49392570	1	0.164	117.58436	26.6627	117.58568	26.66181
49392574	1	0.245	117.58568	26.66181	117.58762	26.66045
12511989	1	0.482	117.58762	26.66045	117.59185	26.65834
14666972	1	0.033	117.59185	26.65834	117.59216	26.65824
14666973	1	0.071	117.59216	26.65824	117.59283	26.65802
802580	1	0.055	117.59283	26.65802	117.59336	26.65788
802586	1	0.037	117.59336	26.65788	117.59372	26.6578
801030	1	2.325	117.59372	26.6578	117.61566	26.65088
801022	1	1.019	117.61566	26.65088	117.625	26.64712
916033	1	1.024	117.625	26.64712	117.63438	26.64333
916016	1	0.174	117.63438	26.64333	117.63601	26.64276
916014	1	0.377	117.63601	26.64276	117.63943	26.64129
916012	1	0.057	117.63943	26.64129	117.63994	26.64106
916010	1	0.312	117.63994	26.64106	117.6425	26.63943
917549	1	0.0080	117.6425	26.63943	117.64256	26.63938
917550	1	0.651	117.64256	26.63938	117.64578	26.63435
916065	1	0.705	117.64578	26.63435	117.64791	26.62829
14666968	1	0.07	117.64791	26.62829	117.64806	26.62767
14666969	1	0.048	117.64806	26.62767	117.64816	26.62725
916066	1	0.116	117.64816	26.62725	117.64834	26.62622
916008	1	0.32	117.64834	26.62622	117.64859	26.62335
12511991	1	0.037	117.64859	26.62335	117.6486	26.62302
12511992	1	0.441	117.6486	26.62302	117.64851	26.61905
916070	1	0.182	117.64851	26.61905	117.64849	26.61741
916071	1	0.483	117.64849	26.61741	117.64868	26.61307
916073	1	0.216	117.64868	26.61307	117.64959	26.61132
916075	1	0.537	117.64959	26.61132	117.65415	26.60901
916077	1	0.085	117.65415	26.60901	117.655	26.60895
916079	1	0.314	117.655	26.60895	117.65815	26.60873
12511993	1	0.651	117.65815	26.60873	117.66402	26.60648
12511994	1	0.09	117.66402	26.60648	117.66472	26.60596
916069	1	0.485	117.66472	26.60596	117.66856	26.60331
917553	1	0.069	117.66856	26.60331	117.66921	26.60311
917554	1	0.147	117.66921	26.60311	117.67065	26.60281
916022	1	0.194	117.67065	26.60281	117.67257	26.60249
49392578	1	0.406	117.67257	26.60249	117.67665	26.60236
14666964	1	2.669	117.67665	26.60236	117.70321	26.60011
14666965	1	0.042	117.70321	26.60011	117.70361	26.59998
917533	1	0.028	117.70361	26.59998	117.70388	26.5999
917534	1	0.023	117.70388	26.5999	117.7041	26.59983
916006	1	0.923	117.7041	26.59983	117.71288	26.59716
916028	1	3.253	117.71288	26.59716	117.74012	26.58333
1123320	1	1.458	117.74012	26.58333	117.75	26.57379
1293130	1	0.197	117.75	26.57379	117.75175	26.57297
1293126	1	0.259	117.75175	26.57297	117.75416	26.57209
1294692	1	0.303	117.75416	26.57209	117.75701	26.57114
1296136	1	0.196	117.75701	26.57114	117.75884	26.57049
1293065	1	0.135	117.75884	26.57049	117.76001	26.56988
14666962	1	1.185	117.76001	26.56988	117.76943	26.56335
14666963	1	0.03	117.76943	26.56335	117.76966	26.56318
1294660	1	0.059	117.76966	26.56318	117.77013	26.56285
1293063	1	0.289	117.77013	26.56285	117.77225	26.56108
14666958	1	6.998	117.77225	26.56108	117.76478	26.50222
14666959	1	0.214	117.76478	26.50222	117.76567	26.50048
1294664	1	0.033	117.76567	26.50048	117.76586	26.50024
1293120	1	0.033	117.76586	26.50024	117.76605	26.5
1001970	1	0.218	117.76605	26.5	117.76749	26.49852
979475	1	0.014	117.76749	26.49852	117.76758	26.49842
979474	1	2.272	117.76758	26.49842	117.77401	26.47985
979444	1	0.343	117.77401	26.47985	117.77582	26.47731
14666955	1	0.669	117.77582	26.47731	117.78033	26.47304
14666954	1	0.048	117.78033	26.47304	117.78051	26.47264
979470	1	0.041	117.78051	26.47264	117.78066	26.4723
1001932	1	0.248	117.78066	26.4723	117.78124	26.47013
49417901	1	0.0060	117.78124	26.47013	117.78125	26.47008
49417900	1	0.0050	117.78125	26.47008	117.78126	26.47004
979468	1	0.048	117.78126	26.47004	117.78134	26.46961
979441	1	2.665	117.78134	26.46961	117.79572	26.45348
979440	1	0.403	117.79572	26.45348	117.79827	26.45067
14666953	1	0.088	117.79827	26.45067	117.79875	26.45001
14666952	1	0.028	117.79875	26.45001	117.7989	26.4498
979437	1	0.03	117.7989	26.4498	117.79906	26.44957
1001930	1	0.42	117.79906	26.44957	117.80151	26.44649
979464	1	0.045	117.80151	26.44649	117.8018	26.44618
979463	1	0.032	117.8018	26.44618	117.80202	26.44597
979425	1	1.603	117.80202	26.44597	117.81046	26.43458
979450	1	0.38	117.81546	26.42714	117.81921	26.42678
49417842	1	0.106	117.81921	26.42678	117.82025	26.42698
49417844	1	0.256	117.82025	26.42698	117.82276	26.42749
49417845	1	0.577	117.82276	26.42749	117.82841	26.42866
979433	1	0.436	117.82841	26.42866	117.83265	26.42961
14666950	1	1.098	117.83265	26.42961	117.84247	26.43408
14666951	1	0.051	117.84247	26.43408	117.84292	26.4343
979449	1	0.022	117.84292	26.4343	117.84312	26.43439
979427	1	0.095	117.84312	26.43439	117.84396	26.4348
1001927	1	0.573	117.84396	26.4348	117.84912	26.43705
979428	1	0.042	117.84912	26.43705	117.84953	26.43714
49417836	1	0.022	117.84953	26.43714	117.84974	26.43719
49418038	1	1.3	117.84974	26.43719	117.8626	26.436
49418042	1	0.167	117.8626	26.436	117.86419	26.43646
12511987	1	0.945	117.86419	26.43646	117.87095	26.44229
12511988	1	0.614	117.87095	26.44229	117.87488	26.44655
979435	1	0.019	117.87488	26.44655	117.875	26.44668
832270	1	0.281	117.875	26.44668	117.87704	26.44841
14666946	1	3.355	117.87704	26.44841	117.90702	26.46154
14666947	1	0.04	117.90702	26.46154	117.90737	26.46171
832264	1	0.075	117.90737	26.46171	117.90804	26.46202
830767	1	0.251	117.90804	26.46202	117.91014	26.46327
49417886	1	0.028	117.91014	26.46327	117.91035	26.46344
49417887	1	0.021	117.91035	26.46344	117.91051	26.46356
14666942	1	2.34	117.91051	26.46356	117.92883	26.47608
14666943	1	0.046	117.92883	26.47608	117.92926	26.47624
832267	1	0.035	117.92926	26.47624	117.92958	26.47636
830769	1	0.318	117.92958	26.47636	117.93269	26.47698
832268	1	0.049	117.93269	26.47698	117.93316	26.4771
49417882	1	0.018	117.93316	26.4771	117.93334	26.47714
49417913	1	1.849	117.93334	26.47714	117.94035	26.4907
49417914	1	0.229	117.94035	26.4907	117.94138	26.49254
49417910	1	1.597	117.94138	26.49254	117.95485	26.5
1465568	1	0.688	117.95485	26.5	117.96135	26.50204
1465540	1	0.076	117.96135	26.50204	117.96208	26.50223
1465609	1	0.342	117.96208	26.50223	117.9654	26.50303
1465610	1	0.105	117.9654	26.50303	117.96642	26.50328
1465541	1	0.107	117.96642	26.50328	117.96746	26.50353
49418149	1	0.902	117.96746	26.50353	117.97645	26.50446
49418153	1	0.635	117.97645	26.50446	117.98282	26.50486
49418154	1	1.092	117.98282	26.50486	117.99286	26.50809
1465613	1	0.231	117.99286	26.50809	117.99472	26.50934
1465614	1	0.089	117.99472	26.50934	117.99544	26.50982
1465538	1	0.039	117.99544	26.50982	117.99575	26.51004
1465607	1	0.267	117.99575	26.51004	117.99796	26.5114
1465608	1	0.154	117.99796	26.5114	117.99938	26.51193
1465539	1	0.063	117.99938	26.51193	118.0	26.51206
1826174	1	0.099	118.0	26.51206	118.00099	26.51216
1826177	1	0.547	118.00099	26.51216	118.00603	26.51054
1826176	1	0.408	118.00603	26.51054	118.00904	26.50805
1826183	1	0.074	118.00904	26.50805	118.00959	26.5076
1826182	1	0.043	118.00959	26.5076	118.00991	26.50734
1824620	1	0.384	118.00991	26.50734	118.01323	26.50562
1824700	1	0.041	118.01323	26.50562	118.01363	26.50552
49417877	1	0.029	118.01363	26.50552	118.01391	26.50545
49418027	1	0.357	118.01391	26.50545	118.01747	26.50519
49418031	1	0.451	118.01747	26.50519	118.02198	26.50549
49418030	1	0.555	118.02198	26.50549	118.02736	26.50422
1826186	1	0.0080	118.02736	26.50422	118.02744	26.50421
1824701	1	0.05	118.02744	26.50421	118.02794	26.50414
1824618	1	0.237	118.02794	26.50414	118.0303	26.50419
49417873	1	0.025	118.0303	26.50419	118.03054	26.50425
49417872	1	0.772	118.03054	26.50425	118.03749	26.5073
1826191	1	0.042	118.03749	26.5073	118.03787	26.50747
14726632	1	0.047	118.03787	26.50747	118.03829	26.50767
14726631	1	0.03	118.03829	26.50767	118.03855	26.5078
1824644	1	0.436	118.03855	26.5078	118.04244	26.50961
1824643	1	2.255	118.04244	26.50961	118.06287	26.51834
49417869	1	0.031	118.06287	26.51834	118.06316	26.51843
12512028	1	0.074	118.06316	26.51843	118.06387	26.51863
12512027	1	1.522	118.06387	26.51863	118.07731	26.52456
49417920	1	0.18	118.07731	26.52456	118.07881	26.52546
49417924	1	0.068	118.07881	26.52546	118.07943	26.52572
49417928	1	0.405	118.07943	26.52572	118.08343	26.52621
49417927	1	0.937	118.08343	26.52621	118.09151	26.52208
1826194	1	0.032	118.09151	26.52208	118.09178	26.52192
1824703	1	0.023	118.09178	26.52192	118.09198	26.52181
1824616	1	0.644	118.09198	26.52181	118.09796	26.51966
1826173	1	0.058	118.09796	26.51966	118.09853	26.51954
49417865	1	0.017	118.09853	26.51954	118.0987	26.51951
12511852	1	1.413	118.0987	26.51951	118.11253	26.51658
12511851	1	0.524	118.11253	26.51658	118.11765	26.51547
1824629	1	0.149	118.11765	26.51547	118.11911	26.51516
1826208	1	0.547	118.11911	26.51516	118.12353	26.51241
1826207	1	0.188	118.12353	26.51241	118.12444	26.51093
1824628	1	0.058	118.12444	26.51093	118.12465	26.51044
49418011	1	0.046	118.12465	26.51044	118.12478	26.51004
49418010	1	0.077	118.12478	26.51004	118.125	26.50938
49418015	1	0.112	118.125	26.50938	118.1253	26.50841
12511858	1	0.067	118.1253	26.50841	118.12548	26.50783
12511857	1	0.028	118.12548	26.50783	118.12557	26.50759
49418008	1	0.14	118.12557	26.50759	118.12598	26.50639
2013999	1	0.73	118.12598	26.50639	118.12645	26.5
1551860	1	0.271	118.12645	26.5	118.125	26.49794
1379452	1	0.719	118.125	26.49794	118.12239	26.49213
1379462	1	0.044	118.12239	26.49213	118.12249	26.49174
1379461	1	0.015	118.12249	26.49174	118.12252	26.49161
1379425	1	0.384	118.12252	26.49161	118.12349	26.48826
49417822	1	0.189	118.12349	26.48826	118.12411	26.48665
49417821	1	0.0020	118.12411	26.48665	118.12412	26.48663
14666939	1	0.111	118.12412	26.48663	118.12448	26.48568
14666938	1	0.177	118.12448	26.48568	118.125	26.48416
1551884	1	0.692	118.125	26.48416	118.12645	26.47808
14726482	1	0.03	118.12645	26.47808	118.12647	26.47781
14726481	1	0.037	118.12647	26.47781	118.12648	26.47748
1551861	1	0.331	118.12648	26.47748	118.12653	26.4745
49417818	1	0.018	118.12653	26.4745	118.12656	26.47434
49417817	1	2.202	118.12656	26.47434	118.13783	26.45861
1551894	1	0.459	118.13783	26.45861	118.14155	26.45617
1551893	1	0.634	118.14155	26.45617	118.14447	26.45126
1551858	1	0.222	118.14447	26.45126	118.14509	26.44934
1551932	1	0.098	118.14509	26.44934	118.14537	26.44849
1551931	1	0.09	118.14537	26.44849	118.14563	26.44771
1551857	1	0.066	118.14563	26.44771	118.14582	26.44714
1551904	1	0.301	118.14582	26.44714	118.14688	26.44461
1551925	1	0.326	118.14688	26.44461	118.14939	26.44282
1551924	1	0.448	118.14939	26.44282	118.15356	26.44132
1551922	1	0.761	118.15356	26.44132	118.15704	26.43547
1551920	1	0.545	118.15704	26.43547	118.15936	26.4311
1551918	1	0.618	118.15936	26.4311	118.16499	26.4292
14726478	1	0.051	118.16499	26.4292	118.1655	26.42923
14726477	1	0.024	118.1655	26.42923	118.16574	26.42925
1551854	1	0.575	118.16574	26.42925	118.17149	26.42962
49417812	1	0.039	118.17149	26.42962	118.17188	26.42965
49417811	1	0.037	118.17188	26.42965	118.17225	26.42967
1551915	1	1.051	118.17225	26.42967	118.1824	26.42832
1551914	1	0.431	118.1824	26.42832	118.18555	26.42567
1551912	1	1.278	118.18555	26.42567	118.19308	26.41667
866312	1	0.336	118.19308	26.41667	118.19244	26.41372
866314	1	0.33	118.19244	26.41372	118.1916	26.41085
866313	1	0.96	118.1916	26.41085	118.19782	26.40465
866310	1	0.068	118.19782	26.40465	118.19822	26.40415
12512026	1	0.045	118.19822	26.40415	118.19849	26.40383
12512025	1	0.082	118.19849	26.40383	118.19897	26.40323
866294	1	1.685	118.19897	26.40323	118.20881	26.39088
866297	1	1.371	118.20881	26.39088	118.21679	26.38082
49417808	1	0.018	118.21679	26.38082	118.2169	26.38069
14666937	1	0.128	118.2169	26.38069	118.21767	26.37977
14666936	1	1.161	118.21767	26.37977	118.21639	26.36993
866322	1	0.314	118.21639	26.36993	118.21584	26.36714
12512018	1	0.205	118.21584	26.36714	118.21546	26.36533
14666935	1	1.274	118.21546	26.36533	118.22021	26.35622
14666934	1	0.047	118.22021	26.35622	118.22065	26.35607
12512023	1	0.014	118.22065	26.35607	118.22078	26.35603
866287	1	0.646	118.22078	26.35603	118.22681	26.35397
49417804	1	0.0030	118.22681	26.35397	118.22684	26.35397
49417803	1	0.01	118.22684	26.35397	118.22694	26.35397
49417801	1	0.514	118.22694	26.35397	118.23183	26.35523
866325	1	0.334	118.23183	26.35523	118.23484	26.35655
866327	1	0.917	118.23484	26.35655	118.24316	26.35451
866330	1	0.403	118.24316	26.35451	118.24558	26.35163
12512022	1	0.989	118.24558	26.35163	118.24981	26.34368
12512021	1	0.034	118.24981	26.34368	118.25	26.34343
835394	1	1.17	118.25	26.34343	118.25186	26.33333
858289	1	1.11	118.25186	26.33333	118.25799	26.32532
858288	1	0.124	118.25799	26.32532	118.25838	26.32426
14666931	1	0.049	118.25838	26.32426	118.25858	26.32386
14666930	1	0.026	118.25858	26.32386	118.25869	26.32365
858286	1	0.072	118.25869	26.32365	118.25901	26.32307
856782	1	0.341	118.25901	26.32307	118.2607	26.3204
49429592	1	0.026	118.2607	26.3204	118.26083	26.3202
49429591	1	0.03	118.26083	26.3202	118.26098	26.31997
14666927	1	1.156	118.26098	26.31997	118.26553	26.31046
14666926	1	0.055	118.26553	26.31046	118.26577	26.31001
14666925	1	0.036	118.26577	26.31001	118.26593	26.30972
14666924	1	0.048	118.26593	26.30972	118.26616	26.30934
858282	1	0.034	118.26616	26.30934	118.26632	26.30907
14666923	1	0.466	118.26632	26.30907	118.26942	26.30595
14666922	1	0.036	118.26942	26.30595	118.26969	26.30574
856779	1	0.045	118.26969	26.30574	118.27008	26.30554
856777	1	0.802	118.27008	26.30554	118.27747	26.30273
49429594	1	0.057	118.27747	26.30273	118.27799	26.30251
49429593	1	0.348	118.27799	26.30251	118.28085	26.30074
856794	1	0.053	118.28085	26.30074	118.28122	26.3004
856791	1	0.217	118.28122	26.3004	118.28254	26.29885
858295	1	0.018	118.28254	26.29885	118.28264	26.29871
858294	1	0.095	118.28264	26.29871	118.2831	26.29796
858279	1	0.22	118.2831	26.29796	118.28389	26.29612
858296	1	0.117	118.28389	26.29612	118.28413	26.29509
858299	1	0.485	118.28413	26.29509	118.28493	26.29078
858300	1	0.946	118.28493	26.29078	118.29043	26.28445
858303	1	0.577	118.29043	26.28445	118.29617	26.28408
858302	1	0.411	118.29617	26.28408	118.30002	26.28281
858276	1	0.379	118.30002	26.28281	118.3035	26.28145
858306	1	0.27	118.3035	26.28145	118.30607	26.28073
858308	1	0.381	118.30607	26.28073	118.30976	26.28138
858310	1	2.401	118.30976	26.28138	118.33112	26.28467
858313	1	0.625	118.33112	26.28467	118.33714	26.28394
858312	1	0.374	118.33714	26.28394	118.34083	26.28453
858274	1	1.64	118.34083	26.28453	118.35179	26.27638
49429600	1	0.844	118.35179	26.27638	118.3581	26.27132
49429604	1	0.18	118.3581	26.27132	118.35969	26.27056
49429603	1	1.688	118.35969	26.27056	118.375	26.27118
817214	1	1.907	118.375	26.27118	118.39106	26.26745
817216	1	0.331	118.39106	26.26745	118.39413	26.26642
14666921	1	0.138	118.39413	26.26642	118.39551	26.26639
14666920	1	1.809	118.39551	26.26639	118.41012	26.25809
817223	1	0.297	118.41012	26.25809	118.41306	26.25778
817222	1	0.417	118.41306	26.25778	118.41722	26.2582
817161	1	0.054	118.41722	26.2582	118.41776	26.25826
818733	1	0.564	118.41776	26.25826	118.42337	26.25782
818732	1	0.172	118.42337	26.25782	118.42507	26.25755
49429584	1	4.31	118.42546	26.25749	118.46539	26.26752
49429588	1	0.272	118.46539	26.26752	118.46812	26.26747
49429587	1	1.132	118.46812	26.26747	118.47928	26.26851
817227	1	0.216	118.47928	26.26851	118.48124	26.26934
817226	1	0.39	118.48124	26.26934	118.48478	26.27083
817158	1	0.381	118.48478	26.27083	118.4883	26.27214
818739	1	0.173	118.4883	26.27214	118.48995	26.27261
818738	1	0.133	118.48995	26.27261	118.49124	26.27291
817156	1	0.078	118.49124	26.27291	118.492	26.27309
817210	1	0.102	118.492	26.27309	118.49299	26.27332
817209	1	1.279	118.49299	26.27332	118.5	26.28192
838745	1	2.164	118.5	26.28192	118.51121	26.29802
838794	1	3.393	118.51121	26.29802	118.53719	26.28983
838791	1	0.03	118.53719	26.28983	118.53745	26.28969
838747	1	0.037	118.53745	26.28969	118.53777	26.28953
838713	1	3.556	118.53777	26.28953	118.56947	26.27525
49429616	1	0.035	118.56947	26.27525	118.56976	26.27508
14666913	1	0.342	118.56976	26.27508	118.57262	26.27338
14666912	1	0.025	118.57262	26.27338	118.57283	26.27325
838784	1	0.083	118.57283	26.27325	118.57354	26.27286
838750	1	0.047	118.57354	26.27286	118.57395	26.27266
838710	1	0.746	118.57395	26.27266	118.58112	26.27106
49429619	1	0.048	118.58112	26.27106	118.5816	26.27111
49429589	1	2.824	118.5816	26.27111	118.60379	26.27953
840248	1	0.452	118.60379	26.27953	118.60654	26.27629
840241	1	0.494	118.60654	26.27629	118.60952	26.27273
840237	1	0.252	118.60952	26.27273	118.61085	26.27081
840234	1	0.468	118.61085	26.27081	118.61137	26.26666
840230	1	0.404	118.61137	26.26666	118.61123	26.26302
840227	1	0.511	118.61123	26.26302	118.61035	26.25851
838726	1	0.164	118.61035	26.25851	118.60978	26.25712
840224	1	0.329	118.60978	26.25712	118.60865	26.25433
840222	1	0.154	118.60865	26.25433	118.60822	26.253
838720	1	0.095	118.60822	26.253	118.60805	26.25216
12512012	1	0.087	118.60805	26.25216	118.60794	26.25138
12512011	1	0.065	118.60794	26.25138	118.60788	26.2508
838773	1	0.089	118.60788	26.2508	118.60785	26.25
888516	1	0.557	118.60785	26.25	118.60756	26.24499
889855	1	0.45	118.60756	26.24499	118.60687	26.24098
889857	1	0.487	118.60687	26.24098	118.60772	26.23676
889860	1	0.362	118.60772	26.23676	118.61041	26.23464
889859	1	0.771	118.61041	26.23464	118.61765	26.23262
888511	1	0.03	118.61765	26.23262	118.61787	26.23243
888503	1	0.391	118.61787	26.23243	118.61919	26.22917
888512	1	0.061	118.61919	26.22917	118.61931	26.22863
888513	1	0.927	118.61931	26.22863	118.62135	26.22052
888514	1	0.102	118.62135	26.22052	118.62182	26.2197
888515	1	0.025	118.62182	26.2197	118.62195	26.21951
888505	1	0.516	118.62195	26.21951	118.625	26.21576
829120	1	0.607	118.625	26.21576	118.62886	26.21153
829121	1	4.554	118.62886	26.21153	118.65938	26.18143
829135	1	0.083	118.65938	26.18143	118.6602	26.18133
829134	1	0.077	118.6602	26.18133	118.66097	26.18127
49185572	1	0.134	118.66097	26.18127	118.66231	26.18129
14666909	1	0.194	118.66231	26.18129	118.66423	26.18156
14666908	1	0.195	118.66423	26.18156	118.66614	26.18192
829102	1	0.316	118.66614	26.18192	118.66924	26.1825
829132	1	0.139	118.66924	26.1825	118.67063	26.18252
830615	1	0.307	118.67063	26.18252	118.6736	26.18185
830617	1	0.316	118.6736	26.18185	118.67671	26.18151
830626	1	0.286	118.67671	26.18151	118.67937	26.1824
830629	1	0.242	118.67937	26.1824	118.68124	26.18379
830631	1	1.01	118.68124	26.18379	118.68906	26.18955
830630	1	0.204	118.68906	26.18955	118.69087	26.1904
829131	1	0.04	118.69087	26.1904	118.69124	26.19055
829101	1	0.492	118.69124	26.19055	118.69599	26.19165
829129	1	0.597	118.69599	26.19165	118.70195	26.19186
12511998	1	0.186	118.70195	26.19186	118.70381	26.19191
12511997	1	0.303	118.70381	26.19191	118.70684	26.19179
830613	1	0.309	118.70684	26.19179	118.70961	26.19063
14947547	1	2.657	118.70961	26.19063	118.72733	26.18191
14947546	1	0.148	118.72733	26.18191	118.72864	26.18129
829115	1	0.087	118.72864	26.18129	118.72932	26.1808
87967478	1	0.063	118.72932	26.1808	118.72976	26.1804
87967477	1	0.126	118.72976	26.1804	118.73056	26.17953
830638	1	0.179	118.73056	26.17953	118.73162	26.17823
830637	1	0.207	118.73162	26.17823	118.73286	26.17673
49320723	1	1.545	118.73286	26.17673	118.74528	26.16859
49320727	1	0.188	118.74528	26.16859	118.74703	26.16797
49320726	1	0.304	118.74703	26.16797	118.75	26.16738
49320731	1	0.169	118.75	26.16738	118.75169	26.1673
49320733	1	0.317	118.75169	26.1673	118.75483	26.16768
49320732	1	1.786	118.75483	26.16768	118.77023	26.17564
837684	1	0.229	118.77023	26.17564	118.77246	26.17613
837682	1	3.294	118.77246	26.17613	118.80272	26.18644
837764	1	0.394	118.80272	26.18644	118.80663	26.18607
837763	1	0.089	118.80663	26.18607	118.80748	26.18584
841223	1	0.038	118.80748	26.18584	118.80784	26.18573
851822	1	0.594	118.80784	26.18573	118.81282	26.18288
851824	1	0.294	118.81282	26.18288	118.81498	26.18108
851823	1	1.444	118.81498	26.18108	118.8262	26.17299
841213	1	0.426	118.8262	26.17299	118.83023	26.17173
841221	1	0.874	118.83023	26.17173	118.83891	26.17235
841220	1	0.166	118.83891	26.17235	118.84055	26.1726
837766	1	0.274	118.84055	26.1726	118.84325	26.17301
837765	1	0.027	118.84325	26.17301	118.84352	26.17305
841219	1	0.064	118.84352	26.17305	118.84415	26.17315
837758	1	0.277	118.84415	26.17315	118.84689	26.17354
837760	1	0.952	118.84689	26.17354	118.85635	26.17318
837759	1	0.033	118.85635	26.17318	118.85668	26.17323
851818	1	0.035	118.85668	26.17323	118.85702	26.17329
841200	1	2.062	118.85702	26.17329	118.875	26.18225
1007740	1	0.145	118.875	26.18225	118.87584	26.18332
1009220	1	0.068	118.87584	26.18332	118.87609	26.18389
49320741	1	1.6	118.87609	26.18389	118.88802	26.19182
49320745	1	0.107	118.88802	26.19182	118.88907	26.19202
49320744	1	0.544	118.88907	26.19202	118.89441	26.19302
1009216	1	0.087	118.89441	26.19302	118.89526	26.19318
1007679	1	0.374	118.89526	26.19318	118.89885	26.19409
1009209	1	0.078	118.89885	26.19409	118.89954	26.19441
1009232	1	0.62	118.89954	26.19441	118.90475	26.19729
1009240	1	0.75	118.90475	26.19729	118.91114	26.1941
1010696	1	0.665	118.91114	26.1941	118.91724	26.1922
12512002	1	0.042	118.91724	26.1922	118.91766	26.1922
12512001	1	0.024	118.91766	26.1922	118.9179	26.19221
1007723	1	1.079	118.9179	26.19221	118.9287	26.19229
1007721	1	0.582	118.9287	26.19229	118.93447	26.19162
1009206	1	0.025	118.93447	26.19162	118.93472	26.19159
1010703	1	0.057	118.93472	26.19159	118.93528	26.19151
1010701	1	2.57	118.93528	26.19151	118.95938	26.19252
1010704	1	3.963	118.95938	26.19252	118.99442	26.18681
1010710	1	0.314	118.99442	26.18681	118.99735	26.18783
1010709	1	0.283	118.99735	26.18783	119.0	26.18873
49617717	1	0.62	119.0	26.18873	119.00585	26.18766
49617721	1	0.293	119.00585	26.18766	119.00808	26.18594
49617723	1	0.199	119.00808	26.18594	119.00958	26.18476
49617722	1	0.047	119.00958	26.18476	119.00993	26.18448
14726640	1	0.037	119.00993	26.18448	119.01021	26.18426
14726639	1	0.028	119.01021	26.18426	119.01042	26.18409
842137	1	0.477	119.01042	26.18409	119.01429	26.18159
842168	1	0.045	119.01429	26.18159	119.01469	26.18141
14726693	1	1.045	119.01469	26.18141	119.02427	26.17778
14726694	1	0.028	119.02427	26.17778	119.02449	26.17763
14726691	1	0.023	119.02449	26.17763	119.02467	26.1775
14726692	1	0.043	119.02467	26.1775	119.02501	26.17726
842135	1	0.373	119.02501	26.17726	119.0281	26.17538
842155	1	1.773	119.0281	26.17538	119.04246	26.16667
888688	1	0.212	119.04246	26.16667	119.04388	26.16525
888687	1	0.431	119.04388	26.16525	119.04679	26.16238
890071	1	0.343	119.04679	26.16238	119.04919	26.16017
890070	1	0.021	119.04919	26.16017	119.04937	26.16007
14726698	1	0.832	119.04937	26.16007	119.05745	26.15998
14726697	1	0.078	119.05745	26.15998	119.05818	26.15974
14726695	1	0.052	119.05818	26.15974	119.05864	26.15953
890062	1	0.041	119.05864	26.15953	119.05899	26.15933
890072	1	0.034	119.05899	26.15933	119.05927	26.15915
888622	1	0.323	119.05927	26.15915	119.06091	26.15672
14726700	1	0.063	119.06091	26.15672	119.06106	26.15617
14726699	1	1.414	119.06106	26.15617	119.06744	26.1477
49430608	1	0.216	119.06744	26.1477	119.0696	26.14766
49430604	1	0.146	119.0696	26.14766	119.07106	26.14756
888629	1	0.069	119.07106	26.14756	119.07174	26.14746
890069	1	0.331	119.07174	26.14746	119.07476	26.14628
890068	1	0.161	119.07476	26.14628	119.07603	26.14539
888632	1	0.057	119.07603	26.14539	119.07646	26.14505
49430641	1	0.124	119.07646	26.14505	119.0774	26.14432
49430645	1	0.079	119.0774	26.14432	119.078	26.14386
49430644	1	1.177	119.078	26.14386	119.08821	26.13871
890058	1	0.0090	119.08821	26.13871	119.08829	26.13868
14726702	1	0.037	119.08829	26.13868	119.08863	26.13855
14726701	1	0.026	119.08863	26.13855	119.08887	26.13846
888609	1	2.282	119.08887	26.13846	119.10983	26.13034
888634	1	0.771	119.10983	26.13034	119.11494	26.12522
888633	1	0.261	119.11494	26.12522	119.11613	26.12313
888636	1	0.322	119.11613	26.12313	119.1176	26.12055
888635	1	0.097	119.1176	26.12055	119.11808	26.11979
890049	1	0.281	119.11808	26.11979	119.11975	26.11776
890048	1	0.675	119.11975	26.11776	119.125	26.11395
14948424	1	0.354	119.125	26.11395	119.12786	26.11207
14948423	1	0.0090	119.12786	26.11207	119.12793	26.11202
49600102	1	0.292	119.12793	26.11202	119.13029	26.11047
49600268	1	0.133	119.13029	26.11047	119.13145	26.10988
49600267	1	1.32	119.13145	26.10988	119.14384	26.10601
49600117	1	1.813	119.14384	26.10601	119.15854	26.09669
1064639	1	0.256	119.15854	26.09669	119.15979	26.09468
1064638	1	1.914	119.15979	26.09468	119.17301	26.08333
13233844	1	0.368	119.17301	26.08333	119.17387	26.08011
13233843	1	0.054	119.17387	26.08011	119.174	26.07964
1329264	1	2.72	119.174	26.07964	119.17497	26.05594
1329261	1	0.116	119.17497	26.05594	119.17559	26.05506
1340176	1	0.247	119.17559	26.05506	119.17691	26.05318
1340175	1	0.062	119.17691	26.05318	119.17723	26.0527
1338723	1	0.325	119.17723	26.0527	119.17877	26.05012
1338722	1	0.144	119.17877	26.05012	119.17934	26.04893
1329267	1	3.064	119.17934	26.04893	119.1959	26.02611
1329271	1	0.787	119.1959	26.02611	119.19996	26.02011
1329270	1	1.602	119.19996	26.02011	119.20718	26.0074
1336841	1	0.082	119.20718	26.0074	119.20781	26.00693
1340172	1	0.517	119.20781	26.00693	119.21191	26.00409
1338729	1	0.054	119.21191	26.00409	119.21234	26.00379
1336840	1	0.056	119.21234	26.00379	119.21278	26.00348
49585964	1	0.416	119.21278	26.00348	119.21607	26.00118
49585963	1	0.086	119.21607	26.00118	119.21675	26.00071
49585959	1	0.13	119.21675	26.00071	119.21779	26.0
1278372	1	0.617	119.21779	26.0	119.22266	25.99659
1278377	1	2.145	119.22266	25.99659	119.2381	25.9833
1278366	1	0.085	119.2381	25.9833	119.23877	25.98283
87823545	1	0.338	119.23877	25.98283	119.24144	25.98096
87823544	1	0.568	119.24144	25.98096	119.24605	25.97797
87823520	1	0.243	119.24605	25.97797	119.24811	25.97681
87823519	1	0.046	119.24811	25.97681	119.24851	25.97661
1278368	1	0.173	119.24851	25.97661	119.25	25.97581
1454723	1	2.779	119.25	25.97581	119.2763	25.96885
1457855	1	0.866	119.2763	25.96885	119.28447	25.96659
1457854	1	0.016	119.28447	25.96659	119.2846	25.96651
1453163	1	0.848	119.2846	25.96651	119.29197	25.96278
1464022	1	7.313	119.29197	25.96278	119.33848	25.9249
1464021	1	0.122	119.33848	25.9249	119.33892	25.92387
1464020	1	0.061	119.33892	25.92387	119.33917	25.92337
87678734	1	0.412	119.33917	25.92337	119.34119	25.92015
87678812	1	0.215	119.34119	25.92015	119.34268	25.91876
87678811	1	0.433	119.34268	25.91876	119.34631	25.91667
824574	1	0.265	119.34631	25.91667	119.34881	25.91589
87678792	1	0.067	119.34881	25.91589	119.34945	25.9157
87678791	1	0.151	119.34945	25.9157	119.35088	25.91527
821382	1	2.351	119.35088	25.91527	119.37221	25.90654
821385	1	0.174	119.37221	25.90654	119.37367	25.90569
821384	1	0.161	119.37367	25.90569	119.375	25.90488
800333	1	0.989	119.375	25.90488	119.38268	25.89928
800300	1	0.059	119.38268	25.89928	119.38313	25.89894
800291	0	0.086	119.38403	25.89871	119.38325	25.89904
800295	0	0.057	119.38325	25.89904	119.3828	25.89936
800298	0	1.003	119.3828	25.89936	119.375	25.90502
821386	0	0.149	119.375	25.90502	119.37377	25.90578
821387	0	0.174	119.37377	25.90578	119.37231	25.90663
821383	0	2.355	119.37231	25.90663	119.35094	25.91538
87678772	0	0.155	119.35094	25.91538	119.34947	25.91582
87678773	0	0.067	119.34947	25.91582	119.34883	25.91601
826031	0	0.227	119.34883	25.91601	119.34668	25.91667
87678728	0	0.47	119.34668	25.91667	119.34273	25.91892
87678809	0	0.213	119.34273	25.91892	119.34133	25.92036
87678810	0	0.398	119.34133	25.92036	119.33927	25.92342
1464017	0	0.06	119.33927	25.92342	119.33905	25.92392
1464018	0	1.278	119.33905	25.92392	119.33582	25.93494
1457831	0	0.362	119.33582	25.93494	119.33601	25.9382
13302515	0	1.469	119.33601	25.9382	119.331	25.95018
13302516	0	4.334	119.331	25.95018	119.29202	25.96289
1453162	0	0.844	119.29202	25.96289	119.28469	25.96661
1453164	0	0.886	119.28469	25.96661	119.27634	25.96897
1454724	0	2.784	119.27634	25.96897	119.25	25.97595
1278362	0	0.167	119.25	25.97595	119.24856	25.97671
87823542	0	0.045	119.24856	25.97671	119.24817	25.97692
87823543	0	0.243	119.24817	25.97692	119.24611	25.97809
87823514	0	0.564	119.24611	25.97809	119.24153	25.98105
87823515	0	0.214	119.24153	25.98105	119.23984	25.98224
1278405	0	0.127	119.23984	25.98224	119.23884	25.98294
1278360	0	0.083	119.23884	25.98294	119.23819	25.9834
14666896	0	0.142	119.23819	25.9834	119.23707	25.98419
14666897	0	2.0	119.23707	25.98419	119.22276	25.99667
1278373	0	0.602	119.22276	25.99667	119.21801	26.0
49585957	0	0.148	119.21801	26.0	119.21683	26.00081
49585961	0	0.085	119.21683	26.00081	119.21616	26.00128
49585962	0	0.413	119.21616	26.00128	119.2129	26.00356
1335336	0	0.06	119.2129	26.00356	119.21242	26.00389
1338727	0	0.342	119.21242	26.00389	119.20971	26.00577
1338728	0	0.224	119.20971	26.00577	119.20793	26.007
1335335	0	0.086	119.20793	26.007	119.20726	26.00748
1329268	0	1.595	119.20726	26.00748	119.20009	26.02015
1329269	0	0.79	119.20009	26.02015	119.19602	26.02618
14726707	0	1.51	119.19602	26.02618	119.18634	26.03662
14726708	0	1.245	119.18634	26.03662	119.1805	26.04636
12511872	0	0.307	119.1805	26.04636	119.17948	26.04897
1341560	0	0.137	119.17948	26.04897	119.17893	26.0501
1340173	0	0.232	119.17893	26.0501	119.17788	26.05196
1340174	0	0.104	119.17788	26.05196	119.17735	26.05277
1335337	0	0.306	119.17735	26.05277	119.17572	26.0551
1329260	0	0.119	119.17572	26.0551	119.17509	26.05601
1329262	0	2.714	119.17509	26.05601	119.17414	26.07966
12511869	0	0.114	119.17414	26.07966	119.17387	26.08066
12511870	0	0.305	119.17387	26.08066	119.17316	26.08333
1064640	0	1.92	119.17316	26.08333	119.15992	26.09473
1064641	0	0.257	119.15992	26.09473	119.15866	26.09675
49617898	0	1.248	119.15866	26.09675	119.1488	26.10343
14157276	0	0.249	119.1488	26.10343	119.14667	26.1046
14948422	0	0.295	119.14667	26.1046	119.14415	26.10598
49600273	0	0.128	119.14415	26.10598	119.14305	26.10658
49600274	0	1.224	119.14305	26.10658	119.13148	26.11
49600277	0	0.128	119.13148	26.11	119.13037	26.11057
14726705	0	0.35	119.13037	26.11057	119.12754	26.11242
14726706	0	0.315	119.12754	26.11242	119.125	26.1141
888637	0	0.941	119.125	26.1141	119.11819	26.11986
888638	0	0.096	119.11819	26.11986	119.11772	26.12061
888645	0	0.142	119.11772	26.12061	119.11707	26.12175
888646	0	0.182	119.11707	26.12175	119.11625	26.12321
890064	0	0.123	119.11625	26.12321	119.1157	26.1242
890065	0	0.128	119.1157	26.1242	119.11513	26.12523
890056	0	0.114	119.11513	26.12523	119.11457	26.12612
12512210	0	0.546	119.11457	26.12612	119.11115	26.12993
12512211	0	0.068	119.11115	26.12993	119.11064	26.13033
14726703	0	0.04	119.11064	26.13033	119.11033	26.13056
14726704	0	0.025	119.11033	26.13056	119.11013	26.1307
888610	0	2.292	119.11013	26.1307	119.0891	26.13881
888682	0	0.038	119.0891	26.13881	119.08875	26.13894
49430642	0	1.211	119.08875	26.13894	119.07809	26.14396
49430643	0	0.077	119.07809	26.14396	119.0775	26.14441
49430639	0	0.125	119.0775	26.14441	119.07655	26.14514
888631	0	0.059	119.07655	26.14514	119.0761	26.14549
890066	0	0.309	119.0761	26.14549	119.07355	26.14704
890067	0	0.19	119.07355	26.14704	119.07175	26.14758
888630	0	0.067	119.07175	26.14758	119.07109	26.14768
49430602	0	0.149	119.07109	26.14768	119.0696	26.14778
49430606	0	0.216	119.0696	26.14778	119.06744	26.14782
49430607	0	1.43	119.06744	26.14782	119.06121	26.1565
888686	0	0.025	119.06121	26.1565	119.06116	26.15672
888623	0	0.376	119.06116	26.15672	119.05909	26.15944
888661	0	1.998	119.05909	26.15944	119.04264	26.16667
842154	0	1.758	119.04264	26.16667	119.02848	26.17543
842134	0	0.443	119.02848	26.17543	119.02479	26.17762
842176	0	0.035	119.02479	26.17762	119.02451	26.17781
842175	0	1.075	119.02451	26.17781	119.01473	26.18163
842174	0	0.053	119.01473	26.18163	119.01428	26.18188
842136	0	0.403	119.01428	26.18188	119.01105	26.18405
842172	0	0.076	119.01105	26.18405	119.0105	26.18452
49617718	0	0.294	119.0105	26.18452	119.00835	26.18633
49617719	0	0.295	119.00835	26.18633	119.00606	26.18801
49617715	0	0.634	119.00606	26.18801	119.0	26.18885
1010711	0	0.289	119.0	26.18885	118.99729	26.18793
1010712	0	0.313	118.99729	26.18793	118.99437	26.18692
1010707	0	6.51	118.99437	26.18692	118.93546	26.19206
1010699	0	0.05	118.93546	26.19206	118.93497	26.19214
14666898	0	0.043	118.93497	26.19214	118.93455	26.19221
14666899	0	0.028	118.93455	26.19221	118.93427	26.19225
1007726	0	0.558	118.93427	26.19225	118.92873	26.19281
1007729	0	1.045	118.92873	26.19281	118.91827	26.19255
1009227	0	0.072	118.91827	26.19255	118.91755	26.19253
14666900	0	0.598	118.91755	26.19253	118.91208	26.19438
14666901	0	0.071	118.91208	26.19438	118.91154	26.19479
1009238	0	0.774	118.91154	26.19479	118.90478	26.19762
14666902	0	0.624	118.90478	26.19762	118.89952	26.19471
14666903	0	0.043	118.89952	26.19471	118.89915	26.19452
1010671	0	0.033	118.89915	26.19452	118.89886	26.19438
1007676	0	0.424	118.89886	26.19438	118.89479	26.19332
49320742	0	0.587	118.89479	26.19332	118.88905	26.19214
49320743	0	0.107	118.88905	26.19214	118.888	26.19193
49320739	0	1.672	118.888	26.19193	118.87537	26.18365
1009224	0	0.053	118.87537	26.18365	118.87504	26.18328
1007737	0	0.0060	118.87504	26.18328	118.875	26.18324
841199	0	2.074	118.875	26.18324	118.85706	26.17396
841217	0	1.308	118.85706	26.17396	118.84412	26.17339
841218	0	0.065	118.84412	26.17339	118.84348	26.17329
850358	0	0.304	118.84348	26.17329	118.84048	26.17285
837767	0	0.081	118.84048	26.17285	118.83968	26.17273
837768	0	0.083	118.83968	26.17273	118.83886	26.17261
12511999	0	0.343	118.83886	26.17261	118.83546	26.17212
12512000	0	0.036	118.83546	26.17212	118.8351	26.17208
837752	0	0.428	118.8351	26.17208	118.83083	26.17201
851820	0	0.065	118.83083	26.17201	118.83019	26.17209
841212	0	0.355	118.83019	26.17209	118.82677	26.17292
851819	0	0.113	118.82677	26.17292	118.82573	26.17331
837675	0	1.389	118.82573	26.17331	118.81503	26.18121
837678	0	0.285	118.81503	26.18121	118.81293	26.18295
851821	0	0.602	118.81293	26.18295	118.80788	26.18584
841222	0	0.038	118.80788	26.18584	118.80752	26.18595
837761	0	0.312	118.80752	26.18595	118.80447	26.18652
837762	0	0.154	118.80447	26.18652	118.80293	26.18656
837679	0	3.317	118.80293	26.18656	118.77244	26.17625
837689	0	0.236	118.77244	26.17625	118.77015	26.17574
49320734	0	1.781	118.77015	26.17574	118.7548	26.16779
49320736	0	0.315	118.7548	26.16779	118.75168	26.16742
49320737	0	0.168	118.75168	26.16742	118.75	26.1675
49320728	0	0.3	118.75	26.1675	118.74707	26.16808
49320725	0	1.534	118.74533	26.1687	118.73299	26.17678
829112	0	0.386	118.73299	26.17678	118.73069	26.17958
829117	0	0.286	118.73069	26.17958	118.72869	26.1814
830620	0	0.232	118.72869	26.1814	118.72659	26.18226
830621	0	2.575	118.72659	26.18226	118.70966	26.19075
830611	0	0.312	118.70966	26.19075	118.70686	26.19191
830609	0	1.029	118.70686	26.19191	118.69657	26.19198
14666904	0	0.058	118.69657	26.19198	118.69599	26.19192
14666905	0	0.029	118.69599	26.19192	118.6957	26.19189
829100	0	0.456	118.6957	26.19189	118.69132	26.19077
830633	0	0.059	118.69132	26.19077	118.69079	26.19053
830634	0	0.206	118.69079	26.19053	118.68898	26.18965
830632	0	1.008	118.68898	26.18965	118.68118	26.1839
830628	0	0.248	118.68118	26.1839	118.67927	26.18248
830627	0	0.277	118.67927	26.18248	118.67669	26.18163
830616	0	0.312	118.67669	26.18163	118.67362	26.18197
830614	0	0.2	118.67362	26.18197	118.6717	26.18248
830608	0	0.183	118.6717	26.18248	118.66988	26.18266
14666906	0	0.036	118.66988	26.18266	118.66952	26.18266
14666907	0	0.028	118.66952	26.18266	118.66924	26.18265
829103	0	0.241	118.66924	26.18265	118.66688	26.18222
829137	0	0.029	118.66688	26.18222	118.6666	26.18217
829138	0	0.636	118.6666	26.18217	118.6603	26.18166
829136	0	0.052	118.6603	26.18166	118.65978	26.18171
829127	0	4.51	118.65978	26.18171	118.6295	26.21151
829128	0	0.715	118.6295	26.21151	118.625	26.21652
888506	0	0.442	118.625	26.21652	118.6222	26.2196
888509	0	0.217	118.6222	26.2196	118.62111	26.22128
888508	0	0.828	118.62111	26.22128	118.61963	26.2286
888504	0	0.458	118.61963	26.2286	118.61807	26.23242
888510	0	0.059	118.61807	26.23242	118.61764	26.23278
889861	0	0.76	118.61764	26.23278	118.61048	26.23474
889862	0	0.358	118.61048	26.23474	118.60782	26.23684
889858	0	0.475	118.60782	26.23684	118.607	26.24096
889856	0	0.45	118.607	26.24096	118.6077	26.24497
889854	0	0.559	118.6077	26.24497	118.60799	26.25
12512013	0	0.131	118.60799	26.25	118.60806	26.25118
12512014	0	0.109	118.60806	26.25118	118.60819	26.25215
838724	0	0.094	118.60819	26.25215	118.60836	26.25298
840218	0	0.332	118.60836	26.25298	118.60939	26.25582
840221	0	0.151	118.60939	26.25582	118.60992	26.25709
838722	0	0.164	118.60992	26.25709	118.61049	26.25848
838782	0	0.035	118.61049	26.25848	118.61061	26.25878
840225	0	0.48	118.61061	26.25878	118.61137	26.26303
840229	0	0.403	118.61137	26.26303	118.61152	26.26666
840232	0	0.476	118.61152	26.26666	118.61097	26.27087
840235	0	0.262	118.61097	26.27087	118.60958	26.27286
840239	0	0.49	118.60958	26.27286	118.60663	26.27639
840243	0	0.454	118.60663	26.27639	118.60387	26.27964
840245	0	1.825	118.60387	26.27964	118.5888	26.27651
14666910	0	1.013	118.5888	26.27651	118.58134	26.27163
14666911	0	0.066	118.58134	26.27163	118.58068	26.2716
838708	0	0.702	118.58068	26.2716	118.57394	26.27321
838739	0	0.036	118.57394	26.27321	118.57363	26.27337
14666914	0	0.318	118.57363	26.27337	118.57093	26.27489
14666916	0	0.149	118.57093	26.27489	118.56968	26.27562
14666917	0	0.027	118.56968	26.27562	118.56945	26.27575
838789	0	0.011	118.56945	26.27575	118.56936	26.27581
12512015	0	0.029	118.56936	26.27581	118.56912	26.27595
12512016	0	3.468	118.56912	26.27595	118.5383	26.29007
838741	0	0.046	118.5383	26.29007	118.53789	26.29025
838743	0	1.684	118.53789	26.29025	118.52452	26.29938
840214	0	0.053	118.52452	26.29938	118.52406	26.29962
12512005	0	0.246	118.52406	26.29962	118.52194	26.30075
12512006	0	0.168	118.52194	26.30075	118.52049	26.30152
838798	0	0.259	118.52049	26.30152	118.51824	26.30268
12512007	0	0.279	118.51824	26.30268	118.51555	26.30319
12512009	0	1.201	118.51555	26.30319	118.50813	26.29513
12512010	0	1.678	118.50813	26.29513	118.5	26.28234
12512003	0	0.108	118.5	26.28234	118.49968	26.28141
12512004	0	1.306	118.49968	26.28141	118.49195	26.2732
817157	0	0.079	118.49195	26.2732	118.49118	26.27302
817159	0	0.308	118.49118	26.27302	118.48822	26.27224
818736	0	0.221	118.48822	26.27224	118.48615	26.27153
818737	0	0.16	118.48615	26.27153	118.48469	26.27093
14666918	0	0.205	118.48469	26.27093	118.48283	26.27015
14666919	0	0.033	118.48283	26.27015	118.48253	26.27002
817228	0	0.151	118.48253	26.27002	118.48117	26.26943
817229	0	0.214	118.48117	26.26943	118.47923	26.26862
49429585	0	1.127	118.47923	26.26862	118.46812	26.26759
49429586	0	0.27	118.46812	26.26759	118.46541	26.26763
49429582	0	4.308	118.46541	26.26763	118.4255	26.2576
817163	0	0.04	118.4255	26.2576	118.42511	26.25767
818734	0	0.543	118.42511	26.25767	118.41974	26.2584
818735	0	0.2	118.41974	26.2584	118.41774	26.25837
817162	0	0.055	118.41774	26.25837	118.41719	26.25832
817220	0	0.416	118.41719	26.25832	118.41304	26.25789
817221	0	0.294	118.41304	26.25789	118.41013	26.25821
817218	0	1.95	118.41013	26.25821	118.39411	26.26654
817217	0	0.32	118.39411	26.26654	118.39114	26.26754
817215	0	1.927	118.39114	26.26754	118.375	26.27144
49429601	0	1.675	118.375	26.27144	118.35971	26.27068
49429602	0	0.174	118.35971	26.27068	118.35818	26.27142
49429598	0	0.645	118.35818	26.27142	118.35329	26.27522
858278	0	0.196	118.35329	26.27522	118.3519	26.27646
858272	0	1.655	118.3519	26.27646	118.34079	26.28465
858314	0	0.375	118.34079	26.28465	118.33709	26.28405
858315	0	0.614	118.33709	26.28405	118.33118	26.28478
858311	0	2.419	118.33118	26.28478	118.30965	26.28147
858309	0	0.37	118.30965	26.28147	118.30607	26.28085
858307	0	0.266	118.30607	26.28085	118.30354	26.28156
858275	0	0.378	118.30354	26.28156	118.30007	26.28292
858304	0	0.415	118.30007	26.28292	118.29618	26.2842
858305	0	0.574	118.29618	26.2842	118.29047	26.28457
858301	0	0.931	118.29047	26.28457	118.28507	26.2908
858298	0	0.485	118.28507	26.2908	118.28427	26.29511
858297	0	0.334	118.28427	26.29511	118.28339	26.29801
856793	0	0.117	118.28339	26.29801	118.28289	26.29896
856800	0	0.088	118.28289	26.29896	118.28244	26.29964
87788903	0	0.052	118.28244	26.29964	118.28214	26.30002
87788904	0	0.041	118.28214	26.30002	118.2819	26.30032
858293	0	0.034	118.2819	26.30032	118.2817	26.30057
856792	0	0.058	118.2817	26.30057	118.28133	26.30097
49429595	0	0.385	118.28133	26.30097	118.27828	26.30306
49429596	0	0.04	118.27828	26.30306	118.27791	26.3032
858268	0	0.035	118.27791	26.3032	118.27759	26.30332
856776	0	0.767	118.27759	26.30332	118.2706	26.30618
856778	0	0.052	118.2706	26.30618	118.27015	26.30642
856780	0	0.615	118.27015	26.30642	118.26617	26.31062
858269	0	0.037	118.26617	26.31062	118.26599	26.31091
14666928	0	1.1	118.26599	26.31091	118.26125	26.31982
14666929	0	0.056	118.26125	26.31982	118.26096	26.32025
858285	0	0.093	118.26096	26.32025	118.26048	26.32097
856783	0	0.374	118.26048	26.32097	118.25869	26.32393
856815	0	1.273	118.25869	26.32393	118.25202	26.33333
835393	0	1.199	118.25202	26.33333	118.25	26.34365
866331	0	0.999	118.25	26.34365	118.24571	26.35168
866332	0	0.406	118.24571	26.35168	118.24327	26.35458
866328	0	0.94	118.24327	26.35458	118.23474	26.35664
866326	0	0.33	118.23474	26.35664	118.23177	26.35534
14666932	0	0.401	118.23177	26.35534	118.22796	26.35423
14666933	0	0.025	118.22796	26.35423	118.22771	26.35422
866308	0	0.042	118.22771	26.35422	118.22729	26.35421
866298	0	0.033	118.22729	26.35421	118.22696	26.35423
866286	0	0.656	118.22696	26.35423	118.22077	26.35616
866299	0	0.027	118.22077	26.35616	118.22052	26.35625
49417805	0	0.0040	118.22052	26.35625	118.22048	26.35626
12512019	0	1.283	118.22048	26.35626	118.21561	26.36535
12512020	0	0.202	118.21561	26.36535	118.21598	26.36714
866320	0	0.309	118.21598	26.36714	118.21653	26.36988
866317	0	1.278	118.21653	26.36988	118.21755	26.38072
866309	0	0.028	118.21755	26.38072	118.2174	26.38093
866300	0	0.036	118.2174	26.38093	118.2172	26.3812
866295	0	1.336	118.2172	26.3812	118.20944	26.39101
866296	0	1.714	118.20944	26.39101	118.19959	26.40367
49417809	0	0.056	118.19959	26.40367	118.19927	26.40408
49417810	0	0.152	118.19927	26.40408	118.19833	26.40516
12512226	0	0.334	118.19833	26.40516	118.19568	26.40698
12512227	0	0.038	118.19568	26.40698	118.19536	26.40717
12512225	0	0.574	118.19536	26.40717	118.19174	26.41085
866316	0	0.328	118.19174	26.41085	118.19257	26.4137
866311	0	0.338	118.19257	26.4137	118.19322	26.41667
1551911	0	0.065	118.19322	26.41667	118.19316	26.41725
1551913	0	1.224	118.19316	26.41725	118.18565	26.42576
1551916	0	0.437	118.18565	26.42576	118.18245	26.42844
1551917	0	0.192	118.18245	26.42844	118.18077	26.42928
1551901	0	0.581	118.18077	26.42928	118.17507	26.43001
14726475	0	0.039	118.17507	26.43001	118.17468	26.42997
14726476	0	0.261	118.17468	26.42997	118.17207	26.42978
1551878	0	0.034	118.17207	26.42978	118.17173	26.42975
1551853	0	0.565	118.17173	26.42975	118.16608	26.42939
49417813	0	0.0060	118.16608	26.42939	118.16602	26.42939
49417814	0	0.711	118.16602	26.42939	118.15945	26.43119
1551921	0	0.539	118.15945	26.43119	118.15717	26.43552
1551923	0	0.772	118.15717	26.43552	118.1536	26.44143
1551926	0	0.445	118.1536	26.44143	118.14946	26.44293
1551927	0	0.32	118.14946	26.44293	118.14698	26.44467
1551928	0	0.296	118.14698	26.44467	118.14596	26.44716
1551856	0	0.066	118.14596	26.44716	118.14577	26.44773
1551929	0	0.111	118.14577	26.44773	118.14545	26.44869
1551930	0	0.079	118.14545	26.44869	118.14523	26.44937
1551907	0	0.061	118.14523	26.44937	118.14506	26.4499
1551908	0	0.16	118.14506	26.4499	118.14461	26.45128
1551891	0	0.643	118.14461	26.45128	118.14164	26.45626
1551892	0	0.46	118.14164	26.45626	118.13791	26.4587
49417815	0	0.062	118.13791	26.4587	118.13741	26.45903
14726479	0	2.038	118.13741	26.45903	118.12689	26.47355
14726480	0	0.041	118.12689	26.47355	118.12686	26.47392
1551910	0	0.017	118.12686	26.47392	118.12685	26.47407
1551880	0	0.039	118.12685	26.47407	118.12685	26.47442
1551862	0	0.34	118.12685	26.47442	118.12679	26.47748
1551881	0	0.07	118.12679	26.47748	118.12671	26.47811
49417819	0	0.013	118.12671	26.47811	118.12669	26.47823
49417820	0	0.729	118.12669	26.47823	118.125	26.4846
14666940	0	0.342	118.125	26.4846	118.124	26.48754
14666941	0	0.049	118.124	26.48754	118.12386	26.48796
1379451	0	0.05	118.12386	26.48796	118.12372	26.48839
1379424	0	0.388	118.12372	26.48839	118.12263	26.49175
49417823	0	0.0090	118.12263	26.49175	118.12261	26.49183
49417824	0	0.725	118.12261	26.49183	118.125	26.49772
1551859	0	0.3	118.125	26.49772	118.12661	26.5
12511859	0	0.643	118.12661	26.5	118.12638	26.50564
14947490	0	0.097	118.12638	26.50564	118.12611	26.50648
14947491	0	0.228	118.12611	26.50648	118.12545	26.50844
49418017	0	0.162	118.12545	26.50844	118.125	26.50984
49418012	0	0.028	118.125	26.50984	118.12493	26.51008
49418013	0	0.046	118.12493	26.51008	118.12479	26.51047
1824627	0	0.057	118.12479	26.51047	118.1246	26.51095
1824626	0	0.749	118.1246	26.51095	118.11917	26.51527
1824630	0	0.15	118.11917	26.51527	118.1177	26.51558
1826197	0	0.081	118.1177	26.51558	118.11691	26.51575
12511854	0	0.385	118.11691	26.51575	118.11315	26.51656
12511853	0	1.485	118.11315	26.51656	118.09863	26.51967
1824695	0	0.043	118.09863	26.51967	118.09822	26.51978
1824615	0	0.702	118.09822	26.51978	118.09171	26.52216
49417867	0	0.0050	118.09171	26.52216	118.09166	26.52218
49417930	0	0.95	118.09166	26.52218	118.08344	26.52632
49417929	0	0.411	118.08344	26.52632	118.07938	26.52587
49417925	0	0.071	118.07938	26.52587	118.07872	26.52562
49417921	0	0.182	118.07872	26.52562	118.07717	26.52475
49417917	0	1.52	118.07717	26.52475	118.06371	26.51892
1826192	0	0.011	118.06371	26.51892	118.06361	26.51889
14726630	0	0.071	118.06361	26.51889	118.06293	26.51871
14726629	0	0.044	118.06293	26.51871	118.06251	26.5186
1824690	0	2.271	118.06251	26.5186	118.04185	26.51003
1824689	0	0.298	118.04185	26.51003	118.0392	26.50879
49417871	0	0.011	118.0392	26.50879	118.0391	26.50874
14726634	0	0.906	118.0391	26.50874	118.03107	26.5049
14726633	0	0.033	118.03107	26.5049	118.03077	26.50478
1826189	0	0.031	118.03077	26.50478	118.03048	26.50467
1826188	0	0.046	118.03048	26.50467	118.03005	26.50453
1824617	0	0.208	118.03005	26.50453	118.02799	26.50431
1824698	0	0.03	118.02799	26.50431	118.02769	26.50434
49417875	0	0.0040	118.02769	26.50434	118.02765	26.50434
49418033	0	0.581	118.02765	26.50434	118.022	26.50563
49418032	0	0.452	118.022	26.50563	118.01748	26.50534
14726638	0	0.285	118.01748	26.50534	118.01463	26.50548
14726637	0	0.029	118.01463	26.50548	118.01434	26.50553
1826185	0	0.038	118.01434	26.50553	118.01397	26.50561
1826184	0	0.072	118.01397	26.50561	118.01328	26.5058
49417879	0	0.392	118.01328	26.5058	118.00987	26.50753
49417878	0	0.041	118.00987	26.50753	118.00956	26.50777
1826179	0	0.463	118.00956	26.50777	118.00615	26.51061
1826178	0	0.562	118.00615	26.51061	118.00097	26.51229
1826175	0	0.097	118.00097	26.51229	118.0	26.51219
1464059	0	0.07	118.0	26.51219	117.99932	26.51204
1465545	0	0.091	117.99932	26.51204	117.99846	26.51177
87788384	0	0.038	117.99846	26.51177	117.99812	26.51162
87788383	0	0.222	117.99812	26.51162	117.99625	26.51053
1465615	0	0.077	117.99625	26.51053	117.99564	26.51011
1464091	0	0.039	117.99564	26.51011	117.99532	26.50991
1465537	0	0.322	117.99532	26.50991	117.99273	26.50817
49418156	0	1.08	117.99273	26.50817	117.9828	26.50498
49418155	0	0.635	117.9828	26.50498	117.97643	26.50458
49418151	0	0.905	117.97643	26.50458	117.96741	26.50364
1465543	0	0.108	117.96741	26.50364	117.96636	26.5034
1465612	0	0.293	117.96636	26.5034	117.96352	26.5027
1465611	0	0.155	117.96352	26.5027	117.96202	26.50234
1465544	0	0.075	117.96202	26.50234	117.96129	26.50216
1465600	0	0.071	117.96129	26.50216	117.9606	26.50199
1465599	0	0.646	117.9606	26.50199	117.95452	26.5
49417908	0	1.576	117.95452	26.5	117.94125	26.49261
49417912	0	0.231	117.94125	26.49261	117.9402	26.49076
49417911	0	0.977	117.9402	26.49076	117.93916	26.48206
49417880	0	0.849	117.93916	26.48206	117.93328	26.47742
832261	0	0.055	117.93328	26.47742	117.93274	26.4773
830768	0	0.288	117.93274	26.4773	117.92994	26.47667
832263	0	0.06	117.92994	26.47667	117.92938	26.47646
49417885	0	0.0060	117.92938	26.47646	117.92932	26.47644
49417884	0	2.317	117.92932	26.47644	117.91109	26.46417
14666945	0	0.035	117.91109	26.46417	117.91082	26.46397
14666944	0	0.047	117.91082	26.46397	117.91046	26.4637
832278	0	0.037	117.91046	26.4637	117.91017	26.46349
830766	0	0.298	117.91017	26.46349	117.90767	26.46202
832275	0	0.048	117.90767	26.46202	117.90726	26.46179
49417889	0	0.0040	117.90726	26.46179	117.90723	26.46177
49417888	0	2.299	117.90723	26.46177	117.8868	26.45249
49417838	0	1.09	117.8868	26.45249	117.87694	26.44853
832272	0	0.265	117.87694	26.44853	117.875	26.44691
979436	0	0.036	117.875	26.44691	117.87477	26.44666
14666949	0	0.09	117.87477	26.44666	117.87419	26.44604
14666948	0	1.463	117.87419	26.44604	117.86414	26.43659
49418044	0	0.163	117.86414	26.43659	117.86258	26.43614
49418040	0	1.217	117.86258	26.43614	117.85055	26.43744
979446	0	0.035	117.85055	26.43744	117.8502	26.43742
979421	0	0.1	117.8502	26.43742	117.84921	26.43726
1001926	0	0.592	117.84921	26.43726	117.84381	26.43509
979422	0	0.043	117.84381	26.43509	117.84345	26.43488
49417835	0	0.0060	117.84345	26.43488	117.8434	26.43485
49417834	0	1.22	117.8434	26.43485	117.83258	26.42974
979432	0	0.434	117.83258	26.42974	117.82836	26.4288
49417847	0	0.575	117.82836	26.4288	117.82273	26.42762
49417846	0	0.258	117.82273	26.42762	117.82021	26.42709
49417840	0	0.167	117.82021	26.42709	117.81856	26.42684
49417832	0	0.135	117.81856	26.42684	117.81721	26.42689
979429	0	0.152	117.81721	26.42689	117.81573	26.4272
979478	0	0.688	117.81573	26.4272	117.8111	26.43144
979479	0	0.095	117.8111	26.43144	117.81095	26.43229
979461	0	0.141	117.81095	26.43229	117.81075	26.43355
979462	0	0.116	117.81075	26.43355	117.81061	26.43459
979423	0	1.633	117.81061	26.43459	117.80199	26.44619
979424	0	0.058	117.80199	26.44619	117.80161	26.44659
1001929	0	0.419	117.80161	26.44659	117.79918	26.44967
979439	0	0.026	117.79918	26.44967	117.79903	26.44986
979465	0	0.025	117.79903	26.44986	117.7989	26.45005
979466	0	0.497	117.7989	26.45005	117.79583	26.45356
979442	0	2.68	117.79583	26.45356	117.78146	26.46984
979467	0	0.035	117.78146	26.46984	117.78139	26.47015
1001931	0	0.25	117.78139	26.47015	117.7808	26.47234
979472	0	0.0090	117.7808	26.47234	117.78077	26.47242
979473	0	0.761	117.78077	26.47242	117.77598	26.4775
979445	0	0.327	117.77598	26.4775	117.77416	26.47986
14666956	0	2.242	117.77416	26.47986	117.76803	26.49828
14666957	0	0.036	117.76803	26.49828	117.76779	26.49852
979426	0	0.023	117.76779	26.49852	117.76764	26.49868
1001969	0	0.194	117.76764	26.49868	117.76636	26.5
1293117	0	0.053	117.76636	26.5	117.76604	26.50038
1294646	0	0.024	117.76604	26.50038	117.76591	26.50056
1294649	0	6.966	117.76591	26.50056	117.77372	26.55932
14666961	0	0.056	117.77372	26.55932	117.77348	26.55978
14666960	0	0.029	117.77348	26.55978	117.77335	26.56001
1294675	0	0.036	117.77335	26.56001	117.77316	26.56029
1294652	0	0.127	117.77316	26.56029	117.77243	26.56123
1293061	0	0.293	117.77243	26.56123	117.77029	26.56303
1294681	0	0.022	117.77029	26.56303	117.77011	26.56315
1294679	0	1.25	117.77011	26.56315	117.76012	26.56997
1293067	0	0.135	117.76012	26.56997	117.75895	26.57059
1294696	0	0.382	117.75895	26.57059	117.75537	26.57183
1294695	0	0.12	117.75537	26.57183	117.75424	26.5722
1293122	0	0.257	117.75424	26.5722	117.75185	26.57307
1293139	0	0.208	117.75185	26.57307	117.75	26.57394
1124786	0	1.433	117.75	26.57394	117.7403	26.58333
916063	0	3.191	117.7403	26.58333	117.71375	26.59729
916062	0	0.083	117.71375	26.59729	117.71296	26.59754
916005	0	0.918	117.71296	26.59754	117.70427	26.60032
916017	0	3.177	117.70427	26.60032	117.67261	26.60261
916027	0	0.194	117.67261	26.60261	117.6707	26.60294
917552	0	0.083	117.6707	26.60294	117.66988	26.60309
917551	0	0.129	117.66988	26.60309	117.66864	26.60342
916023	0	0.479	117.66864	26.60342	117.66485	26.60603
917529	0	0.755	117.66485	26.60603	117.65817	26.60885
916081	0	0.315	117.65817	26.60885	117.65501	26.60907
916078	0	0.085	117.65501	26.60907	117.65416	26.60914
916076	0	0.523	117.65416	26.60914	117.64972	26.61138
916074	0	0.211	117.64972	26.61138	117.64883	26.61309
916072	0	0.481	117.64883	26.61309	117.64864	26.61741
14666967	0	0.612	117.64864	26.61741	117.64873	26.62292
14666966	0	0.03	117.64873	26.62292	117.64874	26.62319
917544	0	0.018	117.64874	26.62319	117.64874	26.62335
916007	0	0.322	117.64874	26.62335	117.64849	26.62624
917532	0	0.025	117.64849	26.62624	117.64845	26.62646
12511996	0	1.166	117.64845	26.62646	117.64505	26.63648
12511995	0	0.278	117.64505	26.63648	117.64359	26.63861
917547	0	0.118	117.64359	26.63861	117.6428	26.6394
916064	0	0.027	117.6428	26.6394	117.64261	26.63957
916009	0	0.319	117.64261	26.63957	117.64015	26.6414
916011	0	0.064	117.64015	26.6414	117.63959	26.64169
916013	0	0.374	117.63959	26.64169	117.63622	26.64318
14666971	0	0.152	117.63622	26.64318	117.6348	26.64369
14666970	0	0.029	117.6348	26.64369	117.63453	26.64378
916032	0	1.038	117.63453	26.64378	117.625	26.64759
801028	0	2.385	117.61617	26.65118	117.59377	26.6582
802577	0	0.014	117.59377	26.6582	117.59363	26.65821
49392577	0	0.649	117.59363	26.65821	117.5877	26.66054
49392576	0	0.244	117.5877	26.66054	117.58577	26.66189
49392572	0	0.149	117.58577	26.66189	117.58459	26.66272
801035	0	0.043	117.58459	26.66272	117.58424	26.66294
802555	0	0.258	117.58424	26.66294	117.58199	26.66409
801041	0	0.03	117.58199	26.66409	117.58172	26.66421
801037	0	0.855	117.58172	26.66421	117.57359	26.66667
881542	0	0.945	117.57359	26.66667	117.56668	26.67245
881541	0	0.296	117.56668	26.67245	117.56461	26.67437
49392567	0	1.671	117.56461	26.67437	117.54992	26.68149
49392566	0	0.35	117.54992	26.68149	117.54673	26.68283
49392562	0	0.372	117.54673	26.68283	117.54355	26.68456
14726610	0	0.153	117.54355	26.68456	117.5426	26.68564
14726609	0	0.052	117.5426	26.68564	117.54235	26.68605
881491	0	0.712	117.54235	26.68605	117.53945	26.69188
881493	0	0.18	117.53945	26.69188	117.53824	26.69308
881494	0	0.511	117.53824	26.69308	117.53362	26.69501
881496	0	0.213	117.53362	26.69501	117.53157	26.69555
881498	0	1.387	117.53157	26.69555	117.51817	26.699
881547	0	1.095	117.51817	26.699	117.5119	26.70642
881563	0	0.023	117.5119	26.70642	117.51189	26.70663
881562	0	0.312	117.51189	26.70663	117.51232	26.7094
881544	0	0.647	117.51232	26.7094	117.5147	26.71482
882979	0	0.311	117.5147	26.71482	117.51584	26.71743
882978	0	0.019	117.51584	26.71743	117.51591	26.71759
881506	0	0.116	117.51591	26.71759	117.51633	26.71857
881507	0	0.407	117.51633	26.71857	117.51786	26.72197
881549	0	0.078	117.51786	26.72197	117.51816	26.72262
881553	0	0.605	117.51816	26.72262	117.52101	26.72741
881552	0	2.826	117.52101	26.72741	117.53104	26.75
1556570	0	0.013	117.53104	26.75	117.53103	26.75012
1556569	0	1.048	117.53103	26.75012	117.52819	26.7592
1556567	0	1.04	117.52819	26.7592	117.52262	26.76673
1555044	0	0.124	117.52262	26.76673	117.52151	26.76724
1556581	0	0.399	117.52151	26.76724	117.51793	26.76886
1556580	0	0.096	117.51793	26.76886	117.51707	26.76925
1555043	0	0.106	117.51707	26.76925	117.51612	26.76969
14726613	0	0.4	117.51612	26.76969	117.51276	26.77167
14726615	0	1.215	117.51276	26.77167	117.50409	26.77933
14726616	0	1.558	117.50409	26.77933	117.5	26.79152
1382415	0	3.362	117.5	26.79152	117.48082	26.81235
1382416	0	0.034	117.48082	26.81235	117.48065	26.81262
1382407	0	0.05	117.48065	26.81262	117.4804	26.81301
1382374	0	0.355	117.4804	26.81301	117.47861	26.81578
14726621	0	0.31	117.47861	26.81578	117.47701	26.81818
14726623	0	0.589	117.47701	26.81818	117.47397	26.82273
14726624	0	0.034	117.47397	26.82273	117.47378	26.82298
1382410	0	0.026	117.47378	26.82298	117.47363	26.82317
1382382	0	1.923	117.47363	26.82317	117.45802	26.83333
1838989	0	0.272	117.45802	26.83333	117.45596	26.83494
1839056	0	0.016	117.45596	26.83494	117.45586	26.83505
1839054	0	1.323	117.45586	26.83505	117.44921	26.84529
1839008	0	0.061	117.44921	26.84529	117.44881	26.84571
1837460	0	1.233	117.44881	26.84571	117.43924	26.85279
1837464	0	0.13	117.43924	26.85279	117.4382	26.8535
1837463	0	0.478	117.4382	26.8535	117.43446	26.85622
14726656	0	0.033	117.43446	26.85622	117.4342	26.8564
14726660	0	0.624	117.4342	26.8564	117.4305	26.86076
14726659	0	0.081	117.4305	26.86076	117.43038	26.86148
14726657	0	0.044	117.43038	26.86148	117.43034	26.86187
1837469	0	1.122	117.43034	26.86187	117.43039	26.87198
1839030	0	0.0080	117.43039	26.87198	117.43039	26.87205
1839027	0	0.016	117.43039	26.87205	117.43037	26.87219
1839010	0	0.786	117.43037	26.87219	117.42896	26.87915
1838957	0	0.115	117.42896	26.87915	117.42867	26.88015
1837478	0	0.312	117.42867	26.88015	117.42789	26.88287
1837474	0	0.187	117.42789	26.88287	117.42742	26.8845
1837473	0	0.296	117.42742	26.8845	117.42671	26.88709
1839014	0	4.752	117.42671	26.88709	117.39408	26.91571
14726652	0	0.229	117.39408	26.91571	117.39196	26.91654
14726651	0	0.035	117.39196	26.91654	117.39164	26.91667
1887156	0	0.088	117.39164	26.91667	117.39083	26.91699
1887153	0	0.772	117.39083	26.91699	117.38396	26.92025
1887179	0	0.0060	117.38396	26.92025	117.38391	26.92028
1887178	0	0.285	117.38391	26.92028	117.3815	26.92168
1887175	0	0.454	117.3815	26.92168	117.37747	26.92358
1887172	0	0.253	117.37747	26.92358	117.375	26.92415
1123251	0	2.56	117.375	26.92415	117.34961	26.9279
1123250	0	0.795	117.34961	26.9279	117.3433	26.93221
14726648	0	0.682	117.3433	26.93221	117.33813	26.93625
14726647	0	0.024	117.33813	26.93625	117.33794	26.93638
1121734	0	0.065	117.33794	26.93638	117.33741	26.93673
1121654	0	1.16	117.33741	26.93673	117.32798	26.94291
1123252	0	0.0060	117.32798	26.94291	117.32793	26.94294
1123256	0	2.512	117.32793	26.94294	117.3054	26.95287
14726644	0	0.099	117.3054	26.95287	117.3044	26.95292
14726643	0	0.045	117.3044	26.95292	117.30395	26.95293
1123224	0	0.059	117.30395	26.95293	117.30336	26.95293
1121660	0	0.291	117.30336	26.95293	117.30043	26.95288
1123258	0	0.013	117.30043	26.95288	117.3003	26.95288
1123257	0	0.027	117.3003	26.95288	117.30003	26.9529
1123236	0	1.442	117.30003	26.9529	117.28639	26.95632
1123235	0	0.388	117.28639	26.95632	117.28251	26.95661
14018317	0	0.039	117.28251	26.95661	117.28213	26.95671
14018316	0	0.027	117.28213	26.95671	117.28187	26.95678
14018302	0	0.044	117.28187	26.95678	117.28145	26.95691
14018291	0	0.148	117.28145	26.95691	117.2801	26.95748
1123232	0	0.651	117.2801	26.95748	117.27557	26.9616
14018298	0	0.087	117.27557	26.9616	117.27519	26.96231
14809731	0	0.184	117.27519	26.96231	117.27463	26.96389
14809730	0	0.158	117.27463	26.96389	117.27439	26.96529
14018319	0	0.035	117.27439	26.96529	117.27436	26.9656
14018318	0	0.054	117.27436	26.9656	117.27435	26.96609
1123267	0	0.159	117.27435	26.96609	117.27449	26.96751
1123266	0	0.108	117.27449	26.96751	117.27462	26.96848
1121670	0	0.375	117.27462	26.96848	117.2751	26.97183
1123242	0	2.217	117.2751	26.97183	117.28352	26.9901
1123241	0	0.451	117.28352	26.9901	117.28241	26.994
1123239	0	0.718	117.28241	26.994	117.27971	27.0
844729	0	2.726	117.27971	27.0	117.29055	27.02141
844723	0	0.108	117.29055	27.02141	117.29074	27.02237
844757	0	0.263	117.29074	27.02237	117.29119	27.02471
844756	0	0.2	117.29119	27.02471	117.29153	27.02649
844724	0	0.113	117.29153	27.02649	117.29173	27.02749
12511950	0	0.373	117.29173	27.02749	117.29237	27.0308
14726666	0	0.559	117.29237	27.0308	117.29335	27.03575
14726665	0	5.043	117.29335	27.03575	117.29025	27.07904
844744	0	0.447	117.29025	27.07904	117.28679	27.08153
844742	0	0.236	117.28679	27.08153	117.28466	27.08248
844732	0	0.212	117.28466	27.08248	117.28274	27.08333
866172	0	0.746	117.28274	27.08333	117.27612	27.08653
866170	0	0.52	117.27612	27.08653	117.27174	27.08911
12512032	0	1.627	117.27174	27.08911	117.26396	27.10141
14947461	0	0.582	117.26396	27.10141	117.26213	27.10638
14947460	0	0.208	117.26213	27.10638	117.26165	27.1082
864747	0	0.137	117.26165	27.1082	117.26145	27.10942
870667	0	1.216	117.26145	27.10942	117.25727	27.11954
870665	0	0.127	117.25727	27.11954	117.25642	27.12039
870657	0	0.443	117.25642	27.12039	117.25298	27.12292
870655	0	0.332	117.25298	27.12292	117.25	27.12428
12512231	0	0.737	117.25	27.12428	117.24279	27.12592
12512230	0	0.036	117.24279	27.12592	117.24243	27.12599
12512228	0	0.07	117.24243	27.12599	117.24174	27.12613
903190	0	0.045	117.24174	27.12613	117.2413	27.12622
903189	0	0.03	117.2413	27.12622	117.241	27.12628
903161	0	0.261	117.241	27.12628	117.23843	27.12679
904613	0	0.054	117.23843	27.12679	117.2379	27.12689
904612	0	0.705	117.2379	27.12689	117.23111	27.12863
903193	0	0.019	117.23111	27.12863	117.23097	27.12875
903163	0	0.288	117.23097	27.12875	117.22925	27.13082
49392508	0	0.194	117.22925	27.13082	117.22864	27.13248
49392507	0	4.092	117.22864	27.13248	117.19687	27.14941
904604	0	0.082	117.19687	27.14941	117.19605	27.14932
904603	0	0.024	117.19605	27.14932	117.19581	27.14931
903165	0	2.655	117.19581	27.14931	117.17068	27.15742
904608	0	0.0060	117.17068	27.15742	117.17063	27.15745
904607	0	0.208	117.17063	27.15745	117.16899	27.15861
903186	0	0.85	117.16899	27.15861	117.16634	27.16563
903169	0	0.116	117.16634	27.16563	117.16624	27.16667
846217	0	0.221	117.16624	27.16667	117.1656	27.16857
846263	0	0.01	117.1656	27.16857	117.16556	27.16865
846262	0	0.458	117.16556	27.16865	117.16229	27.17153
846260	0	1.777	117.16229	27.17153	117.15215	27.18432
846259	0	0.637	117.15215	27.18432	117.14787	27.18856
846257	0	0.339	117.14787	27.18856	117.14521	27.19048
846256	0	0.256	117.14521	27.19048	117.14328	27.19201
49392504	0	0.088	117.14328	27.19201	117.14264	27.19256
49392503	0	0.021	117.14264	27.19256	117.14249	27.19269
846266	0	0.039	117.14249	27.19269	117.14221	27.19294
846214	0	1.546	117.14221	27.19294	117.13146	27.20301
846216	0	0.137	117.13146	27.20301	117.1303	27.20369
846230	0	0.093	117.1303	27.20369	117.12955	27.20419
846225	0	0.214	117.12955	27.20419	117.12782	27.20535
14809729	0	0.026	117.12782	27.20535	117.12756	27.2054
14809728	0	0.098	117.12756	27.2054	117.1266	27.2056
846223	0	0.035	117.1266	27.2056	117.12628	27.20573
846269	0	0.099	117.12628	27.20573	117.12537	27.2061
14809797	0	0.034	117.12537	27.2061	117.12506	27.20623
14809796	0	0.0060	117.12506	27.20623	117.125	27.20625
14726669	0	0.302	117.125	27.20625	117.12218	27.2073
14726670	0	0.149	117.12218	27.2073	117.12079	27.20783
49392498	0	0.147	117.12079	27.20783	117.11943	27.20837
49392494	0	0.015	117.11943	27.20837	117.11929	27.20842
831036	0	0.028	117.11929	27.20842	117.11903	27.20851
831034	0	0.177	117.11903	27.20851	117.11734	27.20902
831032	0	0.281	117.11734	27.20902	117.11461	27.20968
831039	0	0.042	117.11461	27.20968	117.11419	27.20971
831040	0	0.051	117.11419	27.20971	117.11368	27.20975
49392491	0	0.057	117.11368	27.20975	117.11311	27.2098
49392492	0	0.247	117.11311	27.2098	117.11061	27.20989
49392489	0	0.036	117.11061	27.20989	117.11025	27.20991
49392490	0	0.51	117.11025	27.20991	117.10572	27.21174
12512035	0	0.03	117.10572	27.21174	117.10556	27.21197
12512036	0	0.461	117.10556	27.21197	117.1046	27.21595
831019	0	0.474	117.1046	27.21595	117.10387	27.22012
831017	0	0.244	117.10387	27.22012	117.10225	27.22176
14726671	0	0.344	117.10225	27.22176	117.09902	27.22277
14726672	0	0.313	117.09902	27.22277	117.09586	27.2229
831045	0	0.675	117.09586	27.2229	117.0903	27.22562
831052	0	0.877	117.0903	27.22562	117.08575	27.23229
49392487	0	0.017	117.08575	27.23229	117.0856	27.23237
14726675	0	1.479	117.0856	27.23237	117.07454	27.24032
14726676	0	1.006	117.07454	27.24032	117.06735	27.24644
831026	0	0.411	117.06735	27.24644	117.06346	27.24773
14726679	0	0.567	117.06346	27.24773	117.05797	27.24911
14726680	0	0.237	117.05797	27.24911	117.05558	27.24925
831021	0	0.419	117.05558	27.24925	117.05135	27.24932
831048	0	0.786	117.05135	27.24932	117.04343	27.24959
831049	0	0.095	117.04343	27.24959	117.04249	27.24974
831010	0	0.163	117.04249	27.24974	117.04087	27.25
763197	0	0.119	117.04087	27.25	117.0397	27.25023
763198	0	0.09	117.0397	27.25023	117.03883	27.25046
763193	0	0.253	117.03883	27.25046	117.03645	27.25129
763194	0	1.548	117.03645	27.25129	117.02274	27.25795
763189	0	0.307	117.02274	27.25795	117.01978	27.25876
763186	0	0.379	117.01978	27.25876	117.01602	27.2594
763192	0	0.341	117.01602	27.2594	117.01258	27.25955
763191	0	1.254	117.01258	27.25955	117.0	27.25828
