G70#763190#763187	763190	763187	1	4.0649999999999995	117.0	27.25816	117.03865	27.25037	763190	763185	763188	763187
G70#763184#831046	763184	831046	1	0.485	117.03865	27.25037	117.04344	27.24946	763184	831047	831046
G70#831056#14809791	831056	14809791	1	27.742000000000008	117.04344	27.24946	117.25621	27.12039	831056	831055	831020	831022	831025	14726678	14726677	14726674	14726673	831030	831029	831018	12512034	12512033	831054	831053	831031	831033	831038	49392496	12512233	12512235	12512234	49392499	14809794	14809795	846221	846222	846273	846274	846231	846271	846272	846215	846242	846254	846255	846258	846261	49392505	49392506	846264	846265	846218	903170	904610	904611	904609	903181	903166	904605	904606	903184	12512029	12512030	903196	903194	903182	903164	903188	903191	903192	903183	903162	14726667	14726668	14809790	14809791
G70#870676#870678	870676	870678	1	1.347	117.25621	27.12039	117.26129	27.10941	870676	870678
G70#864748#14018321	864748	14018321	1	17.484	117.26129	27.10941	117.27496	26.97185	864748	870648	870651	866174	866176	844731	844745	844748	14726663	14726664	12511948	844726	846193	846194	844725	844730	1123240	1123243	14018320	14018321
G70#1121696#14018305	1121696	14018305	1	2.025	117.27496	26.97185	117.28183	26.95666	1121696	1123268	14726641	14726642	1121668	14018306	14018307	1123231	14018304	14018305
G70#14018295#1838996	14018295	1838996	1	17.085	117.28183	26.95666	117.42657	26.88707	14018295	1123237	1123238	1123225	1121662	1123226	1123227	1123253	14726645	14726646	1121657	1123228	1123245	1123247	1123248	49392553	49392554	1887171	1887173	1887174	1887180	14726649	14726650	1887154	1887176	1887177	1838996
G70#1838987#1839050	1838987	1839050	1	0.483	117.42657	26.88707	117.42776	26.88286	1838987	1839049	1839050
G70#1837476#881548	1837476	881548	1	22.866	117.42776	26.88286	117.51773	26.722	1837476	14726653	14726654	1839024	1839026	1837471	1839021	14726661	14726662	1837466	14726627	14726628	1837461	1839017	1839018	14726625	14726626	1382383	1382409	14726620	14726619	14726617	1382411	1382375	1382408	1382414	49392556	49392555	1555054	1555041	1556582	1556583	1555042	1556568	1556571	1556572	881550	881551	881548
G70#881554#882981	881554	882981	1	0.5229999999999999	117.51773	26.722	117.51578	26.71762	881554	882980	882981
G70#881505#12511994	881505	12511994	1	20.377999999999993	117.51578	26.71762	117.66472	26.60596	881505	881543	881545	881546	881560	881561	14726611	14726612	881495	881555	881556	881492	881537	881558	49392564	49392568	49392569	881539	881540	14666974	14666975	802590	802597	800995	802561	49392570	49392574	12511989	14666972	14666973	802580	802586	801030	801022	916033	916016	916014	916012	916010	917549	917550	916065	14666968	14666969	916066	916008	12511991	12511992	916070	916071	916073	916075	916077	916079	12511993	12511994
G70#916069#917554	916069	917554	1	0.7010000000000001	117.66472	26.60596	117.67065	26.60281	916069	917553	917554
G70#916022#979425	916022	979425	1	28.153	117.67065	26.60281	117.81046	26.43458	916022	49392578	14666964	14666965	917533	917534	916006	916028	1123320	1293130	1293126	1294692	1296136	1293065	14666962	14666963	1294660	1293063	14666958	14666959	1294664	1293120	1001970	979475	979474	979444	14666955	14666954	979470	1001932	49417901	49417900	979468	979441	979440	14666953	14666952	979437	1001930	979464	979463	979425
G70#979450#49418154	979450	49418154	1	21.181999999999995	117.81546	26.42714	117.99286	26.50809	979450	49417842	49417844	49417845	979433	14666950	14666951	979449	979427	1001927	979428	49417836	49418038	49418042	12511987	12511988	979435	832270	14666946	14666947	832264	830767	49417886	49417887	14666942	14666943	832267	830769	832268	49417882	49417913	49417914	49417910	1465568	1465540	1465609	1465610	1465541	49418149	49418153	49418154
G70#1465613#1465538	1465613	1465538	1	0.359	117.99286	26.50809	117.99575	26.51004	1465613	1465614	1465538
G70#1465607#12511851	1465607	12511851	1	13.301999999999996	117.99575	26.51004	118.11765	26.51547	1465607	1465608	1465539	1826174	1826177	1826176	1826183	1826182	1824620	1824700	49417877	49418027	49418031	49418030	1826186	1824701	1824618	49417873	49417872	1826191	14726632	14726631	1824644	1824643	49417869	12512028	12512027	49417920	49417924	49417928	49417927	1826194	1824703	1824616	1826173	49417865	12511852	12511851
G70#1824629#1826208	1824629	1826208	1	0.6960000000000001	118.11765	26.51547	118.12353	26.51241	1824629	1826208
G70#1826207#856794	1826207	856794	1	32.69400000000001	118.12353	26.51241	118.28122	26.3004	1826207	1824628	49418011	49418010	49418015	12511858	12511857	49418008	2013999	1551860	1379452	1379462	1379461	1379425	49417822	49417821	14666939	14666938	1551884	14726482	14726481	1551861	49417818	49417817	1551894	1551893	1551858	1551932	1551931	1551857	1551904	1551925	1551924	1551922	1551920	1551918	14726478	14726477	1551854	49417812	49417811	1551915	1551914	1551912	866312	866314	866313	866310	12512026	12512025	866294	866297	49417808	14666937	14666936	866322	12512018	14666935	14666934	12512023	866287	49417804	49417803	49417801	866325	866327	866330	12512022	12512021	835394	858289	858288	14666931	14666930	858286	856782	49429592	49429591	14666927	14666926	14666925	14666924	858282	14666923	14666922	856779	856777	49429594	49429593	856794
G70#856791#858294	856791	858294	1	0.32999999999999996	118.28122	26.3004	118.2831	26.29796	856791	858295	858294
G70#858279#817158	858279	817158	1	23.927999999999997	118.2831	26.29796	118.4883	26.27214	858279	858296	858299	858300	858303	858302	858276	858306	858308	858310	858313	858312	858274	49429600	49429604	49429603	817214	817216	14666921	14666920	817223	817222	817161	818733	818732	49429584	49429588	49429587	817227	817226	817158
G70#818739#818738	818739	818738	1	0.306	118.4883	26.27214	118.49124	26.27291	818739	818738
G70#817156#14947546	817156	14947546	1	36.42799999999999	118.49124	26.27291	118.72864	26.18129	817156	817210	817209	838745	838794	838791	838747	838713	49429616	14666913	14666912	838784	838750	838710	49429619	49429589	840248	840241	840237	840234	840230	840227	838726	840224	840222	838720	12512012	12512011	838773	888516	889855	889857	889860	889859	888511	888503	888512	888513	888514	888515	888505	829120	829121	829135	829134	49185572	14666909	14666908	829102	829132	830615	830617	830626	830629	830631	830630	829131	829101	829129	12511998	12511997	830613	14947547	14947546
G70#829115#830637	829115	830637	1	0.662	118.72864	26.18129	118.73286	26.17673	829115	87967478	87967477	830638	830637
G70#49320723#841220	49320723	841220	1	12.151000000000003	118.73286	26.17673	118.84055	26.1726	49320723	49320727	49320726	49320731	49320733	49320732	837684	837682	837764	837763	841223	851822	851824	851823	841213	841221	841220
G70#837766#841219	837766	841219	1	0.36500000000000005	118.84055	26.1726	118.84415	26.17315	837766	837765	841219
G70#837758#888633	837758	888633	1	31.957	118.84415	26.17315	119.11613	26.12313	837758	837760	837759	851818	841200	1007740	1009220	49320741	49320745	49320744	1009216	1007679	1009209	1009232	1009240	1010696	12512002	12512001	1007723	1007721	1009206	1010703	1010701	1010704	1010710	1010709	49617717	49617721	49617723	49617722	14726640	14726639	842137	842168	14726693	14726694	14726691	14726692	842135	842155	888688	888687	890071	890070	14726698	14726697	14726695	890062	890072	888622	14726700	14726699	49430608	49430604	888629	890069	890068	888632	49430641	49430645	49430644	890058	14726702	14726701	888609	888634	888633
G70#888636#888635	888636	888635	1	0.41900000000000004	119.11613	26.12313	119.11808	26.11979	888636	888635
G70#890049#49600102	890049	49600102	1	1.611	119.11808	26.11979	119.13029	26.11047	890049	890048	14948424	14948423	49600102
G70#49600268#49600267	49600268	49600267	1	1.453	119.13029	26.11047	119.14384	26.10601	49600268	49600267
G70#49600117#1329261	49600117	1329261	1	7.241	119.14384	26.10601	119.17559	26.05506	49600117	1064639	1064638	13233844	13233843	1329264	1329261
G70#1340176#1340175	1340176	1340175	1	0.309	119.17559	26.05506	119.17723	26.0527	1340176	1340175
G70#1338723#1278377	1338723	1278377	1	10.025000000000002	119.17723	26.0527	119.2381	25.9833	1338723	1338722	1329267	1329271	1329270	1336841	1340172	1338729	1336840	49585964	49585963	49585959	1278372	1278377
G70#1278366#87823544	1278366	87823544	1	0.991	119.2381	25.9833	119.24605	25.97797	1278366	87823545	87823544
G70#87823520#1464021	87823520	1464021	1	12.405999999999999	119.24605	25.97797	119.33892	25.92387	87823520	87823519	1278368	1454723	1457855	1457854	1453163	1464022	1464021
G70#1464020#87678734	1464020	87678734	1	0.473	119.33892	25.92387	119.34119	25.92015	1464020	87678734
G70#87678812#824574	87678812	824574	1	0.913	119.34119	25.92015	119.34881	25.91589	87678812	87678811	824574
G70#87678792#800300	87678792	800300	1	3.952	119.34881	25.91589	119.38313	25.89894	87678792	87678791	821382	821385	821384	800333	800300
G70#800291#87678772	800291	87678772	0	3.9789999999999996	119.38403	25.89871	119.34947	25.91582	800291	800295	800298	821386	821387	821383	87678772
G70#87678773#87678728	87678773	87678728	0	0.764	119.34947	25.91582	119.34273	25.91892	87678773	826031	87678728
G70#87678809#87678810	87678809	87678810	0	0.611	119.34273	25.91892	119.33927	25.92342	87678809	87678810
G70#1464017#1278362	1464017	1278362	0	12.184	119.33927	25.92342	119.24856	25.97671	1464017	1464018	1457831	13302515	13302516	1453162	1453164	1454724	1278362
G70#87823542#87823514	87823542	87823514	0	0.8519999999999999	119.24856	25.97671	119.24153	25.98105	87823542	87823543	87823514
G70#87823515#1278405	87823515	1278405	0	0.34099999999999997	119.24153	25.98105	119.23884	25.98294	87823515	1278405
G70#1278360#12511872	1278360	12511872	0	9.632	119.23884	25.98294	119.17948	26.04897	1278360	14666896	14666897	1278373	49585957	49585961	49585962	1335336	1338727	1338728	1335335	1329268	1329269	14726707	14726708	12511872
G70#1341560#1340174	1341560	1340174	0	0.473	119.17948	26.04897	119.17735	26.05277	1341560	1340173	1340174
G70#1335337#14948422	1335337	14948422	0	7.526999999999999	119.17735	26.05277	119.14415	26.10598	1335337	1329260	1329262	12511869	12511870	1064640	1064641	49617898	14157276	14948422
G70#49600273#49600274	49600273	49600274	0	1.3519999999999999	119.14415	26.10598	119.13148	26.11	49600273	49600274
G70#49600277#888638	49600277	888638	0	1.83	119.13148	26.11	119.11772	26.12061	49600277	14726705	14726706	888637	888638
G70#888645#890065	888645	890065	0	0.575	119.11772	26.12061	119.11513	26.12523	888645	888646	890064	890065
G70#890056#841218	890056	841218	0	31.767999999999997	119.11513	26.12523	118.84348	26.17329	890056	12512210	12512211	14726703	14726704	888610	888682	49430642	49430643	49430639	888631	890066	890067	888630	49430602	49430606	49430607	888686	888623	888661	842154	842134	842176	842175	842174	842136	842172	49617718	49617719	49617715	1010711	1010712	1010707	1010699	14666898	14666899	1007726	1007729	1009227	14666900	14666901	1009238	14666902	14666903	1010671	1007676	49320742	49320743	49320739	1009224	1007737	841199	841217	841218
G70#850358#837768	850358	837768	0	0.468	118.84348	26.17329	118.83886	26.17261	850358	837767	837768
G70#12511999#829112	12511999	829112	0	12.157	118.83886	26.17261	118.73069	26.17958	12511999	12512000	837752	851820	841212	851819	837675	837678	851821	841222	837761	837762	837679	837689	49320734	49320736	49320737	49320728	49320725	829112
G70#829117#12512004	829117	12512004	0	36.576	118.73069	26.17958	118.49195	26.2732	829117	830620	830621	830611	830609	14666904	14666905	829100	830633	830634	830632	830628	830627	830616	830614	830608	14666906	14666907	829103	829137	829138	829136	829127	829128	888506	888509	888508	888504	888510	889861	889862	889858	889856	889854	12512013	12512014	838724	840218	840221	838722	838782	840225	840229	840232	840235	840239	840243	840245	14666910	14666911	838708	838739	14666914	14666916	14666917	838789	12512015	12512016	838741	838743	840214	12512005	12512006	838798	12512007	12512009	12512010	12512003	12512004
G70#817157#818737	817157	818737	0	0.768	118.49195	26.2732	118.48469	26.27093	817157	817159	818736	818737
G70#14666918#856793	14666918	856793	0	23.676000000000002	118.48469	26.27093	118.28289	26.29896	14666918	14666919	817228	817229	49429585	49429586	49429582	817163	818734	818735	817162	817220	817221	817218	817217	817215	49429601	49429602	49429598	858278	858272	858314	858315	858311	858309	858307	858275	858304	858305	858301	858298	858297	856793
G70#856800#856792	856800	856792	0	0.273	118.28289	26.29896	118.28133	26.30097	856800	87788903	87788904	858293	856792
G70#49429595#49418013	49429595	49418013	0	32.37800000000001	118.28133	26.30097	118.12479	26.51047	49429595	49429596	858268	856776	856778	856780	858269	14666928	14666929	858285	856783	856815	835393	866331	866332	866328	866326	14666932	14666933	866308	866298	866286	866299	49417805	12512019	12512020	866320	866317	866309	866300	866295	866296	49417809	49417810	12512226	12512227	12512225	866316	866311	1551911	1551913	1551916	1551917	1551901	14726475	14726476	1551878	1551853	49417813	49417814	1551921	1551923	1551926	1551927	1551928	1551856	1551929	1551930	1551907	1551908	1551891	1551892	49417815	14726479	14726480	1551910	1551880	1551862	1551881	49417819	49417820	14666940	14666941	1379451	1379424	49417823	49417824	1551859	12511859	14947490	14947491	49418017	49418012	49418013
G70#1824627#1824626	1824627	1824626	0	0.806	118.12479	26.51047	118.11917	26.51527	1824627	1824626
G70#1824630#1464059	1824630	1464059	0	13.030999999999993	118.11917	26.51527	117.99932	26.51204	1824630	1826197	12511854	12511853	1824695	1824615	49417867	49417930	49417929	49417925	49417921	49417917	1826192	14726630	14726629	1824690	1824689	49417871	14726634	14726633	1826189	1826188	1824617	1824698	49417875	49418033	49418032	14726638	14726637	1826185	1826184	49417879	49417878	1826179	1826178	1826175	1464059
G70#1465545#1464091	1465545	1464091	0	0.46699999999999997	117.99932	26.51204	117.99532	26.50991	1465545	87788384	87788383	1465615	1464091
G70#1465537#979429	1465537	979429	0	21.458000000000006	117.99532	26.50991	117.81573	26.4272	1465537	49418156	49418155	49418151	1465543	1465612	1465611	1465544	1465600	1465599	49417908	49417912	49417911	49417880	832261	830768	832263	49417885	49417884	14666945	14666944	832278	830766	832275	49417889	49417888	49417838	832272	979436	14666949	14666948	49418044	49418040	979446	979421	1001926	979422	49417835	49417834	979432	49417847	49417846	49417840	49417832	979429
G70#979478#979479	979478	979479	0	0.7829999999999999	117.81573	26.4272	117.81095	26.43229	979478	979479
G70#979461#916017	979461	916017	0	28.232	117.81095	26.43229	117.67261	26.60261	979461	979462	979423	979424	1001929	979439	979465	979466	979442	979467	1001931	979472	979473	979445	14666956	14666957	979426	1001969	1293117	1294646	1294649	14666961	14666960	1294675	1294652	1293061	1294681	1294679	1293067	1294696	1294695	1293122	1293139	1124786	916063	916062	916005	916017
G70#916027#917551	916027	917551	0	0.406	117.67261	26.60261	117.66864	26.60342	916027	917552	917551
G70#916023#881544	916023	881544	0	20.966999999999995	117.66864	26.60342	117.5147	26.71482	916023	917529	916081	916078	916076	916074	916072	14666967	14666966	917544	916007	917532	12511996	12511995	917547	916064	916009	916011	916013	14666971	14666970	916032	801028	802577	49392577	49392576	49392572	801035	802555	801041	801037	881542	881541	49392567	49392566	49392562	14726610	14726609	881491	881493	881494	881496	881498	881547	881563	881562	881544
G70#882979#881506	882979	881506	0	0.446	117.5147	26.71482	117.51633	26.71857	882979	882978	881506
G70#881507#1839010	881507	1839010	0	22.825000000000003	117.51633	26.71857	117.42896	26.87915	881507	881549	881553	881552	1556570	1556569	1556567	1555044	1556581	1556580	1555043	14726613	14726615	14726616	1382415	1382416	1382407	1382374	14726621	14726623	14726624	1382410	1382382	1838989	1839056	1839054	1839008	1837460	1837464	1837463	14726656	14726660	14726659	14726657	1837469	1839030	1839027	1839010
G70#1838957#1837474	1838957	1837474	0	0.614	117.42896	26.87915	117.42742	26.8845	1838957	1837478	1837474
G70#1837473#14018302	1837473	14018302	0	17.448000000000004	117.42742	26.8845	117.28145	26.95691	1837473	1839014	14726652	14726651	1887156	1887153	1887179	1887178	1887175	1887172	1123251	1123250	14726648	14726647	1121734	1121654	1123252	1123256	14726644	14726643	1123224	1121660	1123258	1123257	1123236	1123235	14018317	14018316	14018302
G70#14018291#14018298	14018291	14018298	0	0.886	117.28145	26.95691	117.27519	26.96231	14018291	1123232	14018298
G70#14809731#14018318	14809731	14018318	0	0.431	117.27519	26.96231	117.27435	26.96609	14809731	14809730	14018319	14018318
G70#1123267#14947460	1123267	14947460	0	17.991	117.27435	26.96609	117.26165	27.1082	1123267	1123266	1121670	1123242	1123241	1123239	844729	844723	844757	844756	844724	12511950	14726666	14726665	844744	844742	844732	866172	866170	12512032	14947461	14947460
G70#864747#870665	864747	870665	0	1.48	117.26165	27.1082	117.25642	27.12039	864747	870667	870665
G70#870657#831049	870657	831049	0	27.857999999999993	117.25642	27.12039	117.04249	27.24974	870657	870655	12512231	12512230	12512228	903190	903189	903161	904613	904612	903193	903163	49392508	49392507	904604	904603	903165	904608	904607	903186	903169	846217	846263	846262	846260	846259	846257	846256	49392504	49392503	846266	846214	846216	846230	846225	14809729	14809728	846223	846269	14809797	14809796	14726669	14726670	49392498	49392494	831036	831034	831032	831039	831040	49392491	49392492	49392489	49392490	12512035	12512036	831019	831017	14726671	14726672	831045	831052	49392487	14726675	14726676	831026	14726679	14726680	831021	831048	831049
G70#831010#763198	831010	763198	0	0.372	117.04249	27.24974	117.03883	27.25046	831010	763197	763198
