1362174	1	0.223	116.375	26.23119	116.37719	26.2308
1362173	1	0.105	116.37719	26.2308	116.37824	26.2307
1362170	1	0.109	116.37824	26.2307	116.37933	26.23062
1362168	1	0.307	116.37933	26.23062	116.38239	26.23039
1362167	1	0.121	116.38239	26.23039	116.3836	26.2303
1362176	1	0.042	116.3836	26.2303	116.38402	26.23025
1362175	1	0.652	116.38402	26.23025	116.39036	26.22888
1362161	1	0.247	116.39036	26.22888	116.39283	26.22885
1362160	1	0.157	116.39283	26.22885	116.39436	26.22915
1362158	1	0.428	116.39436	26.22915	116.39798	26.23113
1362156	1	0.0070	116.39798	26.23113	116.39803	26.23118
1362154	1	0.464	116.39803	26.23118	116.40115	26.23428
1362152	1	0.204	116.40115	26.23428	116.40273	26.23543
1362150	1	0.433	116.40273	26.23543	116.40683	26.23659
49284673	1	0.116	116.40683	26.23659	116.40799	26.2366
49284672	1	0.067	116.40799	26.2366	116.40866	26.23661
1362145	1	0.044	116.40866	26.23661	116.4091	26.23661
1362144	1	0.055	116.4091	26.23661	116.40965	26.23661
1362142	1	0.521	116.40965	26.23661	116.41486	26.23676
1362141	1	0.037	116.41486	26.23676	116.41523	26.23679
1362138	1	0.095	116.41523	26.23679	116.41616	26.23696
14667051	1	0.079	116.41616	26.23696	116.41692	26.23715
14667050	1	0.779	116.41692	26.23715	116.42421	26.23967
1362135	1	0.194	116.42421	26.23967	116.42601	26.24033
1362134	1	0.626	116.42601	26.24033	116.43089	26.24373
1362131	1	0.567	116.43089	26.24373	116.43377	26.24813
1362128	1	0.239	116.43377	26.24813	116.43496	26.25
764764	1	0.233	116.43496	26.25	116.43611	26.25183
764774	1	0.534	116.43611	26.25183	116.43879	26.25599
764772	1	1.269	116.43879	26.25599	116.44994	26.26094
764758	1	0.069	116.44994	26.26094	116.45061	26.2611
14947501	1	4.121	116.45061	26.2611	116.48962	26.27048
14947500	1	0.281	116.48962	26.27048	116.49244	26.2704
14947497	1	0.49	116.49244	26.2704	116.49735	26.2702
14947496	1	0.267	116.49735	26.2702	116.5	26.26982
1330310	1	0.664	116.5	26.26982	116.50643	26.2683
1330309	1	0.222	116.50643	26.2683	116.50863	26.26803
1330334	1	1.224	116.50863	26.26803	116.52003	26.26473
1330333	1	0.104	116.52003	26.26473	116.52092	26.26425
14667049	1	0.338	116.52092	26.26425	116.52385	26.26273
14667048	1	0.079	116.52385	26.26273	116.52458	26.26246
1330341	1	0.091	116.52458	26.26246	116.52544	26.2622
1330336	1	0.213	116.52544	26.2622	116.52746	26.26158
1330335	1	0.432	116.52746	26.26158	116.53165	26.2606
1330306	1	0.293	116.53165	26.2606	116.53436	26.25959
1330304	1	1.794	116.53436	26.25959	116.55089	26.25423
1330302	1	0.281	116.55089	26.25423	116.55326	26.25286
1330301	1	1.293	116.55326	26.25286	116.56561	26.25052
1330298	1	0.18	116.56561	26.25052	116.56741	26.25052
1330295	1	1.602	116.56741	26.25052	116.5831	26.25319
1330294	1	0.173	116.5831	26.25319	116.58477	26.25359
1330292	1	1.426	116.58477	26.25359	116.59738	26.25945
1330290	1	0.08	116.59738	26.25945	116.59807	26.25982
1330288	1	0.407	116.59807	26.25982	116.60186	26.26114
1330285	1	0.186	116.60186	26.26114	116.60368	26.2615
1330284	1	1.901	116.60368	26.2615	116.62015	26.26956
1330281	1	0.132	116.62015	26.26956	116.62139	26.26997
1330280	1	0.404	116.62139	26.26997	116.625	26.27158
1714085	1	0.043	116.625	26.27158	116.62536	26.2718
1714086	1	0.1	116.62536	26.2718	116.62613	26.27238
1714082	1	0.924	116.62613	26.27238	116.63298	26.27788
1715563	1	0.229	116.63298	26.27788	116.63512	26.27862
1715564	1	0.419	116.63512	26.27862	116.63922	26.27941
1715567	1	0.114	116.63922	26.27941	116.64034	26.27963
1715568	1	0.166	116.64034	26.27963	116.64197	26.27993
1714070	1	0.205	116.64197	26.27993	116.64398	26.2803
1714068	1	0.806	116.64398	26.2803	116.65188	26.2818
1714066	1	0.145	116.65188	26.2818	116.65331	26.28205
1714064	1	0.158	116.65331	26.28205	116.65487	26.2823
1714062	1	0.173	116.65487	26.2823	116.65659	26.28249
1714060	1	1.74	116.65659	26.28249	116.67399	26.28235
1714058	1	0.222	116.67399	26.28235	116.6761	26.28173
1714056	1	0.813	116.6761	26.28173	116.68355	26.27877
1714054	1	0.132	116.68355	26.27877	116.68476	26.27828
1714052	1	0.781	116.68476	26.27828	116.69245	26.27712
1714050	1	0.14	116.69245	26.27712	116.69384	26.27696
1714048	1	0.657	116.69384	26.27696	116.70017	26.27539
1714046	1	0.213	116.70017	26.27539	116.70217	26.27472
1714044	1	0.587	116.70217	26.27472	116.7076	26.27272
1714042	1	0.257	116.7076	26.27272	116.70972	26.27141
1714040	1	0.032	116.70972	26.27141	116.70998	26.27124
1715549	1	0.147	116.70998	26.27124	116.71116	26.27044
1715550	1	0.211	116.71116	26.27044	116.71288	26.26934
1714039	1	0.197	116.71288	26.26934	116.71465	26.26856
1715557	1	0.012	116.71465	26.26856	116.71476	26.26851
1715558	1	0.257	116.71476	26.26851	116.71717	26.2677
1715553	1	0.15	116.71717	26.2677	116.71858	26.26722
1715554	1	0.914	116.71858	26.26722	116.72726	26.26467
1714036	1	0.108	116.72726	26.26467	116.72833	26.26456
14667038	1	0.409	116.72833	26.26456	116.73242	26.26426
14667039	1	1.86	116.73242	26.26426	116.75	26.26042
853363	1	1.733	116.75	26.26042	116.76246	26.25
714482	1	0.042	116.76246	26.25	116.76286	26.24988
714480	1	0.333	116.76286	26.24988	116.766	26.24886
714475	1	0.231	116.766	26.24886	116.76817	26.24813
714521	1	0.011	116.76817	26.24813	116.76828	26.2481
714518	1	0.577	116.76828	26.2481	116.7737	26.2463
714471	1	0.108	116.7737	26.2463	116.77472	26.24597
714467	1	0.496	116.77472	26.24597	116.77894	26.24371
714464	1	1.919	116.77894	26.24371	116.7902	26.22984
714460	1	0.229	116.7902	26.22984	116.79212	26.22871
714456	1	0.291	116.79212	26.22871	116.79457	26.22729
714453	1	0.295	116.79457	26.22729	116.79706	26.22586
713004	1	1.167	116.79706	26.22586	116.80367	26.21736
713000	1	0.054	116.80367	26.21736	116.80395	26.21694
712996	1	0.098	116.80395	26.21694	116.80447	26.21619
712993	1	0.491	116.80447	26.21619	116.80774	26.21291
712985	1	0.048	116.80774	26.21291	116.80811	26.21263
712983	1	0.013	116.80811	26.21263	116.80821	26.21255
712981	1	0.162	116.80821	26.21255	116.80954	26.21172
712976	1	0.203	116.80954	26.21172	116.81125	26.21073
712972	1	0.093	116.81125	26.21073	116.81204	26.21028
714504	1	0.119	116.81204	26.21028	116.81305	26.20971
714501	1	0.29	116.81305	26.20971	116.81551	26.20832
712970	1	0.087	116.81551	26.20832	116.81626	26.20793
714544	1	0.027	116.81626	26.20793	116.81649	26.20781
714542	1	0.172	116.81649	26.20781	116.81803	26.20711
714498	1	0.228	116.81803	26.20711	116.82014	26.20632
712965	1	0.765	116.82014	26.20632	116.82773	26.20568
712962	1	0.077	116.82773	26.20568	116.8285	26.20567
712954	1	0.404	116.8285	26.20567	116.83252	26.20532
14667047	1	0.104	116.83252	26.20532	116.83354	26.20514
14667046	1	0.255	116.83354	26.20514	116.83606	26.20477
714525	1	0.021	116.83606	26.20477	116.83627	26.20474
49284677	1	0.043	116.83627	26.20474	116.8367	26.20471
49284676	1	0.103	116.8367	26.20471	116.83773	26.20463
712943	1	0.418	116.83773	26.20463	116.8419	26.20478
712939	1	0.072	116.8419	26.20478	116.84261	26.20487
712937	1	2.164	116.84261	26.20487	116.86358	26.20852
712932	1	0.181	116.86358	26.20852	116.86526	26.20792
14667045	1	0.626	116.86526	26.20792	116.86967	26.204
14667044	1	0.06	116.86967	26.204	116.87002	26.20356
712926	1	0.029	116.87002	26.20356	116.8702	26.20336
712924	1	0.02	116.8702	26.20336	116.87032	26.20322
712917	1	0.086	116.87032	26.20322	116.87086	26.20262
714535	1	0.0050	116.87086	26.20262	116.87089	26.20258
716017	1	0.18	116.87089	26.20258	116.87215	26.20142
712914	1	0.045	116.87215	26.20142	116.87249	26.20115
712909	1	0.04	116.87249	26.20115	116.87281	26.20093
712907	1	0.266	116.87281	26.20093	116.875	26.19957
14667034	1	1.06	116.875	26.19957	116.88315	26.19355
14667035	1	0.248	116.88315	26.19355	116.88506	26.19213
814738	1	0.076	116.88506	26.19213	116.88569	26.19175
814730	1	0.081	116.88569	26.19175	116.8864	26.19139
814726	1	3.587	116.8864	26.19139	116.9211	26.18367
814723	1	0.031	116.9211	26.18367	116.9214	26.1836
814716	1	0.1	116.9214	26.1836	116.92236	26.18336
811789	1	0.6	116.92236	26.18336	116.92799	26.18149
811791	1	0.093	116.92799	26.18149	116.92889	26.18127
811753	1	0.064	116.92889	26.18127	116.92951	26.18114
811780	1	0.224	116.92951	26.18114	116.93173	26.1809
811782	1	0.396	116.93173	26.1809	116.93568	26.18106
814767	1	1.649	116.93568	26.18106	116.95148	26.18018
814714	1	0.156	116.95148	26.18018	116.95279	26.18094
814710	1	1.113	116.95279	26.18094	116.96257	26.18555
814703	1	0.177	116.96257	26.18555	116.96429	26.18592
814700	1	0.983	116.96429	26.18592	116.97235	26.19084
814696	1	0.343	116.97235	26.19084	116.97568	26.1915
811773	1	0.856	116.97568	26.1915	116.98379	26.18924
811774	1	0.453	116.98379	26.18924	116.9883	26.18908
811765	1	0.064	116.9883	26.18908	116.98893	26.18919
811767	1	0.394	116.98893	26.18919	116.99275	26.19008
813236	1	0.737	116.99275	26.19008	117.0	26.18914
49284678	1	5.884	117.0	26.18914	117.05397	26.20498
49284679	1	0.127	117.05397	26.20498	117.05503	26.20561
896193	1	0.045	117.05503	26.20561	117.05541	26.20582
896200	1	0.279	117.05541	26.20582	117.05795	26.20685
896199	1	0.074	117.05795	26.20685	117.05866	26.20703
896190	1	0.071	117.05866	26.20703	117.05935	26.20718
896189	1	0.15	117.05935	26.20718	117.06084	26.20731
896187	1	1.548	117.06084	26.20731	117.07442	26.2014
896185	1	0.44	117.07442	26.2014	117.07847	26.19993
14667030	1	0.618	117.07847	26.19993	117.08425	26.1981
14667031	1	0.022	117.08425	26.1981	117.08444	26.198
896180	1	0.044	117.08444	26.198	117.08481	26.19779
896181	1	0.047	117.08481	26.19779	117.08521	26.19757
896178	1	0.8	117.08521	26.19757	117.09212	26.19395
896175	1	0.087	117.09212	26.19395	117.09294	26.19368
896173	1	2.094	117.09294	26.19368	117.11366	26.19134
896171	1	0.07	117.11366	26.19134	117.1143	26.19109
896168	1	0.029	117.1143	26.19109	117.11456	26.19097
896167	1	0.134	117.11456	26.19097	117.11576	26.19043
896166	1	0.161	117.11576	26.19043	117.11716	26.18972
896164	1	0.813	117.11716	26.18972	117.125	26.18859
914072	1	0.195	117.125	26.18859	117.12695	26.18858
914073	1	0.239	117.12695	26.18858	117.12925	26.18801
914069	1	0.568	117.12925	26.18801	117.13408	26.18532
49284684	1	0.159	117.13408	26.18532	117.13548	26.18464
49284685	1	0.066	117.13548	26.18464	117.13609	26.18441
914062	1	0.042	117.13609	26.18441	117.13648	26.18428
914063	1	0.06	117.13648	26.18428	117.13706	26.18413
914059	1	0.217	117.13706	26.18413	117.13919	26.18379
914057	1	0.058	117.13919	26.18379	117.13977	26.18376
914056	1	0.059	117.13977	26.18376	117.14036	26.18378
914055	1	0.138	117.14036	26.18378	117.14174	26.18388
914102	1	0.06	117.14174	26.18388	117.14232	26.184
914103	1	0.509	117.14232	26.184	117.14707	26.18565
49284688	1	1.221	117.14707	26.18565	117.1587	26.18906
49284689	1	0.057	117.1587	26.18906	117.15924	26.18922
912734	1	0.019	117.15924	26.18922	117.15942	26.18928
912733	1	0.093	117.15942	26.18928	117.16031	26.18954
912732	1	1.425	117.16031	26.18954	117.17406	26.19162
912730	1	0.038	117.17406	26.19162	117.17443	26.19154
912728	1	0.039	117.17443	26.19154	117.1748	26.19143
914089	1	0.932	117.1748	26.19143	117.1836	26.18874
914090	1	1.971	117.1836	26.18874	117.20311	26.18651
914096	1	0.366	117.20311	26.18651	117.20677	26.18664
914097	1	0.111	117.20677	26.18664	117.20788	26.18661
914092	1	0.471	117.20788	26.18661	117.21247	26.18575
914093	1	0.376	117.21247	26.18575	117.21591	26.18438
912725	1	0.133	117.21591	26.18438	117.21711	26.18387
912723	1	0.551	117.21711	26.18387	117.22242	26.18256
912721	1	0.239	117.22242	26.18256	117.22466	26.18181
912719	1	0.155	117.22466	26.18181	117.22596	26.18105
912717	1	0.349	117.22596	26.18105	117.22838	26.17879
912714	1	0.081	117.22838	26.17879	117.22891	26.17824
912715	1	0.401	117.22891	26.17824	117.23152	26.1755
912711	1	0.748	117.23152	26.1755	117.23521	26.16977
912709	1	0.127	117.23521	26.16977	117.2353	26.16863
912707	1	0.217	117.2353	26.16863	117.23529	26.16667
875020	1	0.978	117.23529	26.16667	117.23576	26.1579
875021	1	0.051	117.23576	26.1579	117.23592	26.15746
875022	1	0.651	117.23592	26.15746	117.23978	26.15284
875018	1	0.226	117.23978	26.15284	117.24173	26.15181
875016	1	0.285	117.24173	26.15181	117.24445	26.15107
49284690	1	0.421	117.24445	26.15107	117.24859	26.15034
49284691	1	0.056	117.24859	26.15034	117.24914	26.15023
875012	1	0.088	117.24914	26.15023	117.25	26.15008
796302	1	0.0030	117.25	26.15008	117.25003	26.15008
796303	1	0.722	117.25003	26.15008	117.25681	26.14791
796306	1	0.071	117.25681	26.14791	117.25744	26.14761
14667026	1	1.846	117.25744	26.14761	117.2657	26.13345
14667027	1	0.046	117.2657	26.13345	117.26592	26.13309
49284695	1	0.047	117.26592	26.13309	117.26615	26.13272
796296	1	0.042	117.26615	26.13272	117.26636	26.13239
796294	1	0.044	117.26636	26.13239	117.26657	26.13204
796293	1	0.321	117.26657	26.13204	117.2681	26.1295
796308	1	0.0080	117.2681	26.1295	117.26814	26.12944
796309	1	0.167	117.26814	26.12944	117.26894	26.12812
14667024	1	0.231	117.26894	26.12812	117.27004	26.12629
14667025	1	0.167	117.27004	26.12629	117.27077	26.12494
49284699	1	0.095	117.27077	26.12494	117.27118	26.12417
796289	1	0.278	117.27118	26.12417	117.27225	26.12186
794865	1	0.204	117.27225	26.12186	117.27293	26.12013
794862	1	0.224	117.27293	26.12013	117.27359	26.1182
14667022	1	0.164	117.27359	26.1182	117.27417	26.11682
14667023	1	0.185	117.27417	26.11682	117.27489	26.11529
49284703	1	0.075	117.27489	26.11529	117.27515	26.11466
794859	1	0.491	117.27515	26.11466	117.27785	26.11097
796304	1	0.031	117.27785	26.11097	117.27805	26.11076
796305	1	0.058	117.27805	26.11076	117.27843	26.11036
794855	1	1.091	117.27843	26.11036	117.28581	26.10315
794854	1	0.151	117.28581	26.10315	117.2864	26.1019
49284704	1	1.864	117.2864	26.1019	117.29299	26.08636
14667020	1	0.17	117.29299	26.08636	117.29374	26.08499
14667021	1	0.195	117.29374	26.08499	117.29446	26.08336
49284707	1	0.0030	117.29446	26.08336	117.29447	26.08333
803309	1	0.067	117.29447	26.08333	117.29465	26.08275
803315	1	0.063	117.29465	26.08275	117.29483	26.08221
803319	1	2.857	117.29483	26.08221	117.30481	26.05831
803324	1	0.035	117.30481	26.05831	117.30484	26.058
803323	1	0.052	117.30484	26.058	117.30486	26.05753
49284711	1	0.944	117.30486	26.05753	117.30234	26.04947
14667019	1	1.168	117.30234	26.04947	117.29679	26.04022
14667018	1	0.08	117.29679	26.04022	117.2965	26.03955
49284713	1	0.042	117.2965	26.03955	117.29637	26.03919
49284712	1	0.187	117.29637	26.03919	117.29597	26.03755
803328	1	0.022	117.29597	26.03755	117.29594	26.03735
803344	1	1.199	117.29594	26.03735	117.30027	26.02774
803346	1	0.036	117.30027	26.02774	117.30051	26.0275
803351	1	0.077	117.30051	26.0275	117.30105	26.027
803352	1	2.051	117.30105	26.027	117.31214	26.01151
804870	1	0.039	117.31214	26.01151	117.31236	26.01122
804912	1	0.259	117.31236	26.01122	117.31366	26.0092
804910	1	0.168	117.31366	26.0092	117.31429	26.0078
804905	1	0.448	117.31429	26.0078	117.31507	26.00384
804903	1	0.43	117.31507	26.00384	117.31461	26.0
811304	1	0.604	117.31461	26.0	117.31208	25.99509
811305	1	0.991	117.31208	25.99509	117.30742	25.98726
811301	1	0.197	117.30742	25.98726	117.30729	25.98549
811299	1	0.383	117.30729	25.98549	117.30841	25.98222
811297	1	2.139	117.30841	25.98222	117.31278	25.96369
811295	1	0.565	117.31278	25.96369	117.31313	25.9587
811293	1	0.755	117.31313	25.9587	117.31807	25.95365
811291	1	0.16	117.31807	25.95365	117.31937	25.95281
811290	1	0.193	117.31937	25.95281	117.321	25.95189
811312	1	0.361	117.321	25.95189	117.32426	25.95051
811313	1	0.682	117.32426	25.95051	117.33086	25.94906
811314	1	0.385	117.33086	25.94906	117.33467	25.94858
811315	1	0.332	117.33467	25.94858	117.33786	25.94776
811316	1	0.401	117.33786	25.94776	117.34146	25.94619
811274	1	0.023	117.34146	25.94619	117.34166	25.94609
801663	1	3.376	117.34166	25.94609	117.35126	25.91835
803256	1	0.163	117.35126	25.91835	117.35191	25.917
800156	1	0.04	117.35191	25.917	117.35208	25.91667
1057666	1	0.354	117.35208	25.91667	117.35275	25.91355
1057667	1	0.123	117.35275	25.91355	117.35278	25.91244
1056280	1	0.054	117.35278	25.91244	117.35276	25.91195
1056286	1	0.904	117.35276	25.91195	117.35273	25.90386
1056287	1	0.496	117.35273	25.90386	117.35491	25.89988
14726339	1	0.84	117.35491	25.89988	117.3611	25.8948
14726340	1	0.126	117.3611	25.8948	117.36205	25.89406
1057660	1	0.028	117.36205	25.89406	117.36226	25.8939
1057661	1	0.027	117.36226	25.8939	117.36246	25.89374
1056284	1	0.826	117.36246	25.89374	117.36819	25.88846
1056293	1	0.026	117.36819	25.88846	117.36829	25.88824
1057658	1	0.031	117.36829	25.88824	117.36841	25.88798
1057659	1	1.835	117.36841	25.88798	117.375	25.87307
1817432	1	1.599	117.375	25.87307	117.38626	25.8634
1817455	1	0.182	117.38626	25.8634	117.38792	25.86273
1817461	1	0.102	117.38792	25.86273	117.38884	25.86235
1817463	1	0.606	117.38884	25.86235	117.39447	25.86038
1817435	1	0.703	117.39447	25.86038	117.40135	25.85914
1817388	1	0.057	117.40135	25.85914	117.40191	25.85904
1817382	1	0.128	117.40191	25.85904	117.40313	25.85873
1817390	1	0.301	117.40313	25.85873	117.40578	25.85746
1817391	1	0.075	117.40578	25.85746	117.40644	25.85714
1817417	1	0.324	117.40644	25.85714	117.40912	25.85552
1817421	1	0.487	117.40912	25.85552	117.41243	25.85232
1817423	1	0.159	117.41243	25.85232	117.41331	25.85113
1817412	1	0.283	117.41331	25.85113	117.41459	25.84886
1817442	1	1.43	117.41459	25.84886	117.42186	25.83803
1817449	1	0.131	117.42186	25.83803	117.42286	25.83727
14947544	1	0.016	117.42286	25.83727	117.42298	25.83718
14947545	1	0.1	117.42298	25.83718	117.42369	25.83655
1817405	1	0.13	117.42369	25.83655	117.42449	25.83563
1817407	1	0.2	117.42449	25.83563	117.42549	25.83407
1817401	1	0.092	117.42549	25.83407	117.4259	25.83333
1781778	1	0.274	117.4259	25.83333	117.42654	25.83093
1781777	1	0.226	117.42654	25.83093	117.42691	25.82892
1781795	1	0.432	117.42691	25.82892	117.42746	25.82506
1781794	1	0.617	117.42746	25.82506	117.43086	25.82062
49430214	1	1.229	117.43086	25.82062	117.44288	25.81904
49430218	1	0.421	117.44288	25.81904	117.44644	25.81705
49430217	1	0.35	117.44644	25.81705	117.4492	25.81512
1781807	1	0.022	117.4492	25.81512	117.44937	25.81499
1781787	1	0.056	117.44937	25.81499	117.44981	25.81468
1781784	1	1.565	117.44981	25.81468	117.46452	25.81091
1781806	1	0.016	117.46452	25.81091	117.46467	25.81086
49430190	1	1.059	117.46467	25.81086	117.47322	25.80541
49430194	1	0.285	117.47322	25.80541	117.47586	25.80446
49430193	1	1.074	117.47586	25.80446	117.48395	25.79819
1781781	1	0.255	117.48395	25.79819	117.48522	25.79621
1781789	1	1.233	117.48522	25.79621	117.48724	25.78531
1781788	1	0.036	117.48724	25.78531	117.48734	25.785
1781779	1	1.231	117.48734	25.785	117.49397	25.77652
1781790	1	0.043	117.49397	25.77652	117.4944	25.77649
1781801	1	0.107	117.4944	25.77649	117.49547	25.77645
1781800	1	0.458	117.49547	25.77645	117.5	25.77631
49430181	1	0.344	117.5	25.77631	117.50294	25.77476
49430185	1	0.21	117.50294	25.77476	117.50435	25.77336
49430186	1	0.058	117.50435	25.77336	117.50473	25.77297
14726323	1	1.363	117.50473	25.77297	117.51719	25.77105
14726324	1	0.057	117.51719	25.77105	117.51772	25.77124
1962717	1	0.042	117.51772	25.77124	117.51811	25.77138
1962702	1	1.057	117.51811	25.77138	117.52713	25.7763
1962721	1	0.022	117.52713	25.7763	117.52732	25.7764
1962772	1	0.016	117.52732	25.7764	117.52746	25.77647
49430197	1	0.384	117.52746	25.77647	117.53087	25.77804
49430201	1	0.267	117.53087	25.77804	117.53333	25.77896
49430205	1	0.154	117.53333	25.77896	117.53478	25.77943
49430207	1	0.193	117.53478	25.77943	117.5366	25.78001
49430208	1	2.107	117.5366	25.78001	117.55624	25.77741
1962692	1	0.29	117.55624	25.77741	117.55903	25.77674
14726321	1	1.443	117.55903	25.77674	117.57282	25.77472
14726322	1	0.249	117.57282	25.77472	117.57497	25.7736
1961183	1	0.205	117.57497	25.7736	117.57681	25.7728
1962680	1	0.122	117.57681	25.7728	117.57797	25.77249
1961188	1	0.245	117.57797	25.77249	117.58036	25.77205
1961190	1	0.107	117.58036	25.77205	117.58141	25.77187
1961193	1	0.339	117.58141	25.77187	117.58478	25.77172
1962684	1	4.0	117.58478	25.77172	117.61924	25.7574
1962686	1	0.258	117.61924	25.7574	117.62149	25.75627
14726313	1	0.29	117.62149	25.75627	117.62395	25.75489
14726314	1	0.056	117.62395	25.75489	117.62442	25.75462
1962756	1	0.048	117.62442	25.75462	117.62482	25.75439
1962723	1	0.021	117.62482	25.75439	117.625	25.75429
1245036	1	0.023	117.625	25.75429	117.62519	25.75417
1245040	1	0.272	117.62519	25.75417	117.62748	25.75285
1245044	1	0.047	117.62748	25.75285	117.62786	25.7526
1246552	1	0.059	117.62786	25.7526	117.62831	25.75226
1246555	1	0.322	117.62831	25.75226	117.6303	25.75
49430171	1	0.649	117.6303	25.75	117.6337	25.74504
49430175	1	0.295	117.6337	25.74504	117.636	25.74341
49430176	1	1.191	117.636	25.74341	117.64696	25.73945
1084021	1	0.19	117.64696	25.73945	117.64831	25.73825
1084024	1	0.649	117.64831	25.73825	117.65135	25.73313
1084025	1	0.237	117.65135	25.73313	117.65223	25.73115
14726307	1	1.538	117.65223	25.73115	117.66024	25.71954
14726308	1	0.065	117.66024	25.71954	117.66074	25.71917
1084072	1	0.059	117.66074	25.71917	117.6612	25.71884
1084056	1	0.043	117.6612	25.71884	117.66154	25.7186
1084028	1	0.309	117.66154	25.7186	117.66407	25.71701
1084055	1	0.022	117.66407	25.71701	117.66425	25.7169
1084069	1	0.105	117.66425	25.7169	117.66512	25.71638
1084070	1	0.388	117.66512	25.71638	117.66837	25.71449
1084030	1	0.449	117.66837	25.71449	117.67175	25.71186
1084039	1	0.378	117.67175	25.71186	117.67393	25.70909
1084040	1	0.266	117.67393	25.70909	117.67535	25.70707
1084042	1	0.397	117.67535	25.70707	117.67796	25.7044
1084043	1	0.311	117.67796	25.7044	117.68026	25.70253
14726301	1	0.203	117.68026	25.70253	117.68148	25.70108
14726302	1	0.061	117.68148	25.70108	117.68182	25.70062
1084066	1	0.014	117.68182	25.70062	117.6819	25.70052
1084033	1	0.212	117.6819	25.70052	117.68307	25.69893
1084053	1	0.11	117.68307	25.69893	117.68368	25.69811
1084063	1	0.0080	117.68368	25.69811	117.68373	25.69805
14726303	1	0.681	117.68373	25.69805	117.68748	25.69294
14726304	1	0.861	117.68748	25.69294	117.6945	25.68879
14726300	1	0.063	117.6945	25.68879	117.69512	25.68869
1084061	1	0.086	117.69512	25.68869	117.69597	25.68861
1084062	1	0.113	117.69597	25.68861	117.69709	25.68852
1084034	1	4.576	117.69709	25.68852	117.74255	25.68615
1084049	1	0.083	117.74255	25.68615	117.74337	25.68606
1084073	1	0.109	117.74337	25.68606	117.74445	25.68595
1084074	1	0.434	117.74445	25.68595	117.74866	25.68511
1084036	1	0.148	117.74866	25.68511	117.75	25.68455
874897	1	0.122	117.75	25.68455	117.75103	25.68397
14726295	1	1.37	117.75103	25.68397	117.76079	25.67534
14726296	1	0.057	117.76079	25.67534	117.76124	25.67502
874899	1	0.468	117.76124	25.67502	117.76536	25.67311
14726293	1	0.057	117.76536	25.67311	117.76591	25.67299
14726294	1	0.056	117.76591	25.67299	117.76646	25.67288
874903	1	1.089	117.76646	25.67288	117.77718	25.67144
876339	1	0.059	117.77718	25.67144	117.77777	25.67147
49430163	1	0.86	117.77777	25.67147	117.78619	25.67196
49430167	1	0.215	117.78619	25.67196	117.78832	25.67169
49430168	1	0.618	117.78832	25.67169	117.79443	25.67093
876320	1	0.429	117.79443	25.67093	117.79864	25.67028
876322	1	0.392	117.79864	25.67028	117.80235	25.66919
876324	1	0.45	117.80235	25.66919	117.80656	25.6678
876326	1	0.394	117.80656	25.6678	117.81036	25.66692
876327	1	0.204	117.81036	25.66692	117.81237	25.66667
714675	1	0.236	117.81237	25.66667	117.81453	25.66585
49284826	1	0.328	117.81453	25.66585	117.81682	25.66378
49284830	1	0.097	117.81682	25.66378	117.81725	25.663
14726285	1	0.195	117.81725	25.663	117.81792	25.66135
14726286	1	0.054	117.81792	25.66135	117.81809	25.66089
714706	1	0.026	117.81809	25.66089	117.81818	25.66067
714672	1	0.333	117.81818	25.66067	117.81941	25.65788
14726281	1	0.531	117.81941	25.65788	117.82232	25.65392
14726282	1	0.091	117.82232	25.65392	117.82298	25.65336
714699	1	0.048	117.82298	25.65336	117.82333	25.65306
714665	1	0.332	117.82333	25.65306	117.82605	25.65136
14726279	1	0.166	117.82605	25.65136	117.82744	25.65054
14726280	1	0.061	117.82744	25.65054	117.82795	25.65024
714663	1	0.41	117.82795	25.65024	117.83139	25.64824
714692	1	0.188	117.83139	25.64824	117.83299	25.64736
714744	1	0.096	117.83299	25.64736	117.83379	25.64688
14726275	1	0.11	117.83379	25.64688	117.8347	25.64633
14947542	1	0.321	117.8347	25.64633	117.83733	25.64468
14947543	1	0.112	117.83733	25.64468	117.83816	25.644
716220	1	0.332	117.83816	25.644	117.84018	25.64164
716222	1	0.061	117.84018	25.64164	117.84051	25.64118
713195	1	0.434	117.84051	25.64118	117.84187	25.63751
714656	1	2.981	117.84187	25.63751	117.83841	25.61119
14726273	1	0.402	117.83841	25.61119	117.83765	25.60764
14726274	1	0.029	117.83765	25.60764	117.8376	25.60738
714725	1	0.095	117.8376	25.60738	117.83744	25.60654
714691	1	0.023	117.83744	25.60654	117.83743	25.60633
714679	1	0.0090	117.83743	25.60633	117.83743	25.60625
714681	1	0.469	117.83743	25.60625	117.838	25.60208
714687	1	0.022	117.838	25.60208	117.83805	25.60189
714720	1	0.084	117.83805	25.60189	117.83828	25.60116
714722	1	1.536	117.83828	25.60116	117.84165	25.5878
714652	1	0.512	117.84165	25.5878	117.84286	25.58333
762910	1	0.033	117.84286	25.58333	117.84292	25.58304
762913	1	0.186	117.84292	25.58304	117.84329	25.5814
762921	1	0.065	117.84329	25.5814	117.84343	25.58083
762922	1	0.057	117.84343	25.58083	117.84356	25.58033
762961	1	0.285	117.84356	25.58033	117.84467	25.57797
762962	1	0.053	117.84467	25.57797	117.84492	25.57755
14726267	1	0.122	117.84492	25.57755	117.84559	25.57663
14774548	1	0.05	117.84559	25.57663	117.84587	25.57626
14774549	1	0.023	117.84587	25.57626	117.846	25.57609
762964	1	3.099	117.846	25.57609	117.8677	25.5564
762917	1	0.199	117.8677	25.5564	117.86809	25.55464
762918	1	0.018	117.86809	25.55464	117.8681	25.55448
14726265	1	1.387	117.8681	25.55448	117.86836	25.54251
14726266	1	0.06	117.86836	25.54251	117.86878	25.54212
762914	1	0.059	117.86878	25.54212	117.86919	25.54174
762915	1	0.019	117.86919	25.54174	117.86932	25.54161
800464	1	0.188	117.875	25.53686	117.87638	25.53571
803605	1	0.038	117.87638	25.53571	117.87661	25.53544
803643	1	0.07	117.87661	25.53544	117.87704	25.53494
803646	1	0.237	117.87704	25.53494	117.87833	25.53315
805221	1	0.146	117.87833	25.53315	117.87894	25.53196
805223	1	0.033	117.87894	25.53196	117.87908	25.53169
801984	1	0.113	117.87908	25.53169	117.87952	25.53075
801988	1	0.345	117.87952	25.53075	117.88006	25.52769
803607	1	0.243	117.88006	25.52769	117.88023	25.52551
805173	1	0.675	117.88023	25.52551	117.8847	25.52142
805175	1	1.483	117.8847	25.52142	117.8991	25.51971
802024	1	0.162	117.8991	25.51971	117.90064	25.52014
802030	1	0.58	117.90064	25.52014	117.9063	25.52019
802034	1	0.197	117.9063	25.52019	117.90813	25.51955
802036	1	0.152	117.90813	25.51955	117.90952	25.51902
801992	1	0.162	117.90952	25.51902	117.91102	25.51848
805236	1	0.217	117.91102	25.51848	117.91315	25.51817
805239	1	0.157	117.91315	25.51817	117.91471	25.51821
801995	1	0.122	117.91471	25.51821	117.91592	25.51819
805181	1	0.163	117.91592	25.51819	117.91754	25.5182
14726261	1	1.038	117.91754	25.5182	117.92777	25.51683
14726262	1	0.079	117.92777	25.51683	117.92854	25.5167
805185	1	0.104	117.92854	25.5167	117.92952	25.51641
802043	1	0.293	117.92952	25.51641	117.93221	25.5154
14726257	1	0.177	117.93221	25.5154	117.93389	25.51493
14726258	1	0.039	117.93389	25.51493	117.93427	25.51488
805230	1	0.019	117.93427	25.51488	117.93446	25.51487
805231	1	0.014	117.93446	25.51487	117.9346	25.51486
802047	1	0.314	117.9346	25.51486	117.93769	25.51518
803562	1	0.258	117.93769	25.51518	117.9399	25.51635
803565	1	0.21	117.9399	25.51635	117.94159	25.51746
14726255	1	0.271	117.94159	25.51746	117.94389	25.51872
14726256	1	0.358	117.94389	25.51872	117.94742	25.51889
49284748	1	1.2	117.94742	25.51889	117.95918	25.52005
803570	1	0.159	117.95918	25.52005	117.9607	25.51966
803575	1	1.242	117.9607	25.51966	117.97138	25.51455
803579	1	0.28	117.97138	25.51455	117.97415	25.5143
14726251	1	0.086	117.97415	25.5143	117.975	25.51424
14726253	1	0.202	117.975	25.51424	117.97701	25.51435
14726254	1	0.363	117.97701	25.51435	117.98047	25.5153
805187	1	0.342	117.98047	25.5153	117.98381	25.51581
805188	1	0.039	117.98381	25.51581	117.9842	25.51581
49284749	1	0.039	117.9842	25.51581	117.98459	25.5158
49284750	1	0.077	117.98459	25.5158	117.98535	25.51572
803592	1	0.357	117.98535	25.51572	117.98882	25.51505
803595	1	0.339	117.98882	25.51505	117.99209	25.51431
803601	1	0.254	117.99209	25.51431	117.99454	25.51374
803603	1	0.158	117.99454	25.51374	117.99602	25.51326
14726249	1	0.131	117.99602	25.51326	117.99712	25.51264
14726250	1	0.211	117.99712	25.51264	117.99873	25.51142
805243	1	0.028	117.99873	25.51142	117.99894	25.51126
802006	1	0.072	117.99894	25.51126	117.99949	25.51084
801962	1	0.07	117.99949	25.51084	118.0	25.51041
49284753	1	0.106	118.0	25.51041	118.00075	25.50974
49284754	1	0.09	118.00075	25.50974	118.00141	25.50919
661529	1	0.09	118.00141	25.50919	118.00211	25.50868
661513	1	0.234	118.00211	25.50868	118.00408	25.50756
661526	1	0.3	118.00408	25.50756	118.00623	25.5057
49284755	1	0.033	118.00623	25.5057	118.00642	25.50546
49284756	1	0.04	118.00642	25.50546	118.00665	25.50517
661517	1	0.015	118.00665	25.50517	118.00673	25.50506
661518	1	0.638	118.00673	25.50506	118.00975	25.5
773697	1	0.188	118.00975	25.5	118.01061	25.4985
775224	1	0.357	118.01061	25.4985	118.01237	25.49571
49284757	1	0.218	118.01237	25.49571	118.01361	25.4941
49284758	1	0.033	118.01361	25.4941	118.01381	25.49386
773699	1	1.586	118.01381	25.49386	118.0257	25.48451
773700	1	0.47	118.0257	25.48451	118.02961	25.4822
773701	1	0.27	118.02961	25.4822	118.03194	25.48099
773704	1	0.088	118.03194	25.48099	118.03263	25.4805
773705	1	0.142	118.03263	25.4805	118.0337	25.47966
773759	1	0.101	118.0337	25.47966	118.03448	25.47908
49284761	1	0.055	118.03448	25.47908	118.03494	25.47881
49284762	1	0.032	118.03494	25.47881	118.03523	25.47868
773709	1	0.153	118.03523	25.47868	118.03664	25.47816
773710	1	0.712	118.03664	25.47816	118.04359	25.47891
773712	1	0.279	118.04359	25.47891	118.04636	25.47878
773714	1	0.606	118.04636	25.47878	118.05235	25.47812
773716	1	0.349	118.05235	25.47812	118.05581	25.47804
49284765	1	0.04	118.05581	25.47804	118.05621	25.47808
49284766	1	0.078	118.05621	25.47808	118.05698	25.47816
773720	1	1.045	118.05698	25.47816	118.06709	25.48027
773721	1	0.206	118.06709	25.48027	118.06913	25.48015
773723	1	0.506	118.06913	25.48015	118.07367	25.47829
14726243	1	0.075	118.07367	25.47829	118.07424	25.47786
14726244	1	1.608	118.07424	25.47786	118.0842	25.46744
12511840	1	0.278	118.0842	25.46744	118.08635	25.46587
49284768	1	0.031	118.08635	25.46587	118.08658	25.46568
773754	1	0.045	118.08658	25.46568	118.08689	25.46539
773726	1	3.443	118.08689	25.46539	118.10183	25.43751
773741	1	0.064	118.10183	25.43751	118.10211	25.43699
773742	1	0.157	118.10211	25.43699	118.10291	25.43578
773728	1	0.222	118.10291	25.43578	118.10431	25.43424
773749	1	0.287	118.10431	25.43424	118.10652	25.43261
49284771	1	0.168	118.10652	25.43261	118.10792	25.43178
49284772	1	0.03	118.10792	25.43178	118.10817	25.43164
773740	1	0.272	118.10817	25.43164	118.11045	25.43032
773737	1	0.24	118.11045	25.43032	118.11245	25.42914
773735	1	0.394	118.11245	25.42914	118.11584	25.42736
773733	1	0.287	118.11584	25.42736	118.11848	25.42638
773730	1	0.261	118.11848	25.42638	118.12096	25.4257
773731	1	0.431	118.12096	25.4257	118.125	25.42441
14726432	1	0.147	118.125	25.42441	118.12622	25.42368
14726431	1	0.106	118.12622	25.42368	118.1271	25.42316
49284778	1	0.34	118.1271	25.42316	118.13026	25.42211
49284777	1	0.188	118.13026	25.42211	118.13207	25.42169
820637	1	0.069	118.13207	25.42169	118.13269	25.42142
825398	1	0.154	118.13269	25.42142	118.13392	25.42059
825397	1	0.35	118.13392	25.42059	118.13643	25.4184
820635	1	0.274	118.13643	25.4184	118.13838	25.41667
850026	1	0.073	118.13838	25.41667	118.13891	25.41622
49284780	1	0.014	118.13891	25.41622	118.13901	25.41613
49284779	1	0.01	118.13901	25.41613	118.13909	25.41607
848595	1	0.154	118.13909	25.41607	118.14025	25.41516
14726428	1	0.281	118.14025	25.41516	118.14247	25.41362
14726427	1	0.078	118.14247	25.41362	118.14309	25.41319
848592	1	0.362	118.14309	25.41319	118.14594	25.4112
850059	1	0.202	118.14594	25.4112	118.14722	25.4098
49284784	1	0.034	118.14722	25.4098	118.14741	25.40955
49284783	1	0.028	118.14741	25.40955	118.14756	25.40934
848589	1	0.812	118.14756	25.40934	118.15078	25.40266
848587	1	0.157	118.15078	25.40266	118.15174	25.40155
848585	1	0.216	118.15174	25.40155	118.15327	25.40019
848583	1	0.506	118.15327	25.40019	118.15777	25.39819
848581	1	0.201	118.15777	25.39819	118.1592	25.39694
850028	1	0.8	118.1592	25.39694	118.16422	25.39157
850027	1	0.083	118.16422	25.39157	118.16492	25.39117
850066	1	0.547	118.16492	25.39117	118.16836	25.38743
850065	1	0.115	118.16836	25.38743	118.16883	25.38649
848546	1	0.13	118.16883	25.38649	118.16937	25.38543
848558	1	0.181	118.16937	25.38543	118.17003	25.38391
848557	1	0.604	118.17003	25.38391	118.17221	25.37884
848553	1	2.304	118.17221	25.37884	118.16334	25.36061
848539	1	0.128	118.16334	25.36061	118.16241	25.35982
14505420	1	0.16	118.16241	25.35982	118.16121	25.35887
14505419	1	0.168	118.16121	25.35887	118.16009	25.35775
850070	1	0.089	118.16009	25.35775	118.15953	25.35713
850069	1	0.087	118.15953	25.35713	118.15897	25.35653
848542	1	0.223	118.15897	25.35653	118.15775	25.35485
14505418	1	0.464	118.15775	25.35485	118.15635	25.35089
14505417	1	0.051	118.15635	25.35089	118.15629	25.35043
850039	1	0.088	118.15629	25.35043	118.15617	25.34964
848552	1	0.176	118.15617	25.34964	118.15593	25.34807
848549	1	0.559	118.15593	25.34807	118.15517	25.34308
848548	1	0.287	118.15517	25.34308	118.15542	25.34052
850018	1	0.426	118.15542	25.34052	118.1574	25.33716
850017	1	0.21	118.1574	25.33716	118.15842	25.33552
14947102	1	0.08	118.15842	25.33552	118.15864	25.33483
14947101	1	0.168	118.15864	25.33483	118.15884	25.33333
870683	1	0.28	118.15884	25.33333	118.15909	25.33082
870681	1	0.482	118.15909	25.33082	118.16025	25.32662
872175	1	0.064	118.16025	25.32662	118.1605	25.32609
873657	1	0.382	118.1605	25.32609	118.16259	25.32323
873656	1	0.066	118.16259	25.32323	118.16301	25.32277
14947106	1	0.412	118.16301	25.32277	118.16548	25.31981
14947118	1	0.252	118.16548	25.31981	118.16665	25.31781
14947117	1	0.046	118.16665	25.31781	118.16681	25.31742
14947089	1	0.189	118.16681	25.31742	118.16746	25.31582
872169	1	0.188	118.16746	25.31582	118.1681	25.31423
872190	1	1.051	118.1681	25.31423	118.17573	25.30812
872195	1	0.171	118.17573	25.30812	118.17718	25.30731
14947110	1	0.272	118.17718	25.30731	118.17975	25.30658
14947109	1	0.02	118.17975	25.30658	118.17995	25.30656
14947100	1	0.246	118.17995	25.30656	118.18237	25.30675
14947099	1	0.418	118.18237	25.30675	118.18637	25.30776
49284790	1	0.036	118.18637	25.30776	118.18673	25.3078
49284789	1	0.065	118.18673	25.3078	118.18738	25.30783
872164	1	0.154	118.18738	25.30783	118.18891	25.30774
872160	1	0.754	118.18891	25.30774	118.19552	25.30477
872157	1	0.489	118.19552	25.30477	118.19944	25.30217
872179	1	0.177	118.19944	25.30217	118.20091	25.3013
872187	1	0.134	118.20091	25.3013	118.20207	25.3007
872230	1	0.169	118.20207	25.3007	118.20356	25.29999
872229	1	0.019	118.20356	25.29999	118.20373	25.29992
872153	1	1.235	118.20373	25.29992	118.21479	25.29514
14947126	1	0.341	118.21479	25.29514	118.21748	25.29327
14947125	1	0.271	118.21748	25.29327	118.21949	25.29165
14947123	1	1.5	118.21949	25.29165	118.23293	25.29213
872140	1	0.536	118.23293	25.29213	118.23549	25.28797
14947096	1	0.083	118.23549	25.28797	118.23582	25.28729
14947095	1	2.484	118.23582	25.28729	118.25	25.27037
1785986	1	0.706	118.25	25.27037	118.2568	25.26896
1785985	1	0.389	118.2568	25.26896	118.26023	25.26736
1785980	1	0.116	118.26023	25.26736	118.26112	25.2667
1790666	1	0.407	118.26112	25.2667	118.26392	25.26405
1790665	1	0.092	118.26392	25.26405	118.26453	25.26343
1785990	1	0.194	118.26453	25.26343	118.26565	25.26201
14505412	1	0.074	118.26565	25.26201	118.26602	25.26144
14505411	1	0.739	118.26602	25.26144	118.26977	25.25573
12511805	1	0.714	118.26977	25.25573	118.27289	25.25
14505410	1	1.906	118.27289	25.25	118.28509	25.23772
14505409	1	0.125	118.28509	25.23772	118.28604	25.23699
14505408	1	0.043	118.28604	25.23699	118.28634	25.23672
14505407	1	0.055	118.28634	25.23672	118.28672	25.23636
1325886	1	0.292	118.28672	25.23636	118.28845	25.23425
1325885	1	0.445	118.28845	25.23425	118.2911	25.23105
1325883	1	0.075	118.2911	25.23105	118.29161	25.23056
14505404	1	0.442	118.29161	25.23056	118.2952	25.22829
14505403	1	2.401	118.2952	25.22829	118.31401	25.21696
14505401	1	1.639	118.31401	25.21696	118.32682	25.2094
1325858	1	0.138	118.32682	25.2094	118.32805	25.20886
1325856	1	0.278	118.32805	25.20886	118.33033	25.20745
1325915	1	0.063	118.33033	25.20745	118.33083	25.20711
1325914	1	0.15	118.33083	25.20711	118.33208	25.20638
1325903	1	0.194	118.33208	25.20638	118.33376	25.20552
1325902	1	1.304	118.33376	25.20552	118.34624	25.20255
1325879	1	0.378	118.34624	25.20255	118.34938	25.20072
1325876	1	0.152	118.34938	25.20072	118.35041	25.19972
1325874	1	0.507	118.35041	25.19972	118.35256	25.19563
1325872	1	1.464	118.35256	25.19563	118.36159	25.18591
1325870	1	0.258	118.36159	25.18591	118.3632	25.1841
1325869	1	0.612	118.3632	25.1841	118.36763	25.18036
1325866	1	0.337	118.36763	25.18036	118.37042	25.17868
1325865	1	0.426	118.37042	25.17868	118.37325	25.17585
1325862	1	0.298	118.37325	25.17585	118.37447	25.17341
1325860	1	0.276	118.37447	25.17341	118.375	25.17097
1355012	1	0.503	118.375	25.17097	118.37643	25.16667
716181	1	0.66	118.37643	25.16667	118.3792	25.1613
716180	1	0.32	118.3792	25.1613	118.38049	25.15867
716177	1	0.824	118.38049	25.15867	118.38515	25.15258
716175	1	0.335	118.38515	25.15258	118.38747	25.15044
716173	1	1.178	118.38747	25.15044	118.39463	25.14254
716171	1	0.285	118.39463	25.14254	118.39478	25.13998
14505394	1	1.438	118.39478	25.13998	118.39227	25.12741
14505393	1	0.096	118.39227	25.12741	118.39225	25.12655
49284792	1	0.104	118.39225	25.12655	118.39215	25.12562
49284791	1	0.084	118.39215	25.12562	118.39206	25.12487
716168	1	0.599	118.39206	25.12487	118.39105	25.11955
716183	1	0.057	118.39105	25.11955	118.39104	25.11904
85415219	1	0.533	118.39104	25.11904	118.39143	25.11426
85415218	1	0.093	118.39143	25.11426	118.39152	25.11343
85415217	1	0.095	118.39152	25.11343	118.39162	25.11258
85415216	1	0.083	118.39162	25.11258	118.3917	25.11184
85404413	1	0.237	118.3917	25.11184	118.39192	25.10972
85404412	1	0.667	118.39192	25.10972	118.39324	25.10386
85238737	1	0.058	118.39324	25.10386	118.39344	25.10337
85404417	1	0.116	118.39344	25.10337	118.39382	25.10238
85404416	1	1.182	118.39382	25.10238	118.39514	25.09195
49284796	1	0.061	118.39514	25.09195	118.39513	25.0914
49284795	1	0.037	118.39513	25.0914	118.39513	25.09107
716164	1	0.859	118.39513	25.09107	118.39513	25.08333
85827224	1	0.01	118.39513	25.08333	118.39513	25.08324
85827223	1	1.832	118.39513	25.08324	118.39812	25.06708
927206	1	2.011	118.39812	25.06708	118.39684	25.04921
928793	1	0.166	118.39684	25.04921	118.39719	25.04775
12511798	1	0.253	118.39719	25.04775	118.39807	25.04562
12511797	1	0.193	118.39807	25.04562	118.39906	25.04413
927216	1	0.042	118.39906	25.04413	118.39932	25.04383
927213	1	0.233	118.39932	25.04383	118.40089	25.04229
925717	1	0.29	118.40089	25.04229	118.40299	25.04051
925723	1	1.213	118.40299	25.04051	118.40704	25.03093
925736	1	0.088	118.40704	25.03093	118.40686	25.03015
87967548	1	0.046	118.40686	25.03015	118.4068	25.02974
14505384	1	0.409	118.4068	25.02974	118.40669	25.02607
14505383	1	0.067	118.40669	25.02607	118.40676	25.02547
930192	1	0.237	118.40676	25.02547	118.4071	25.02336
928803	1	0.121	118.4071	25.02336	118.4072	25.02227
925745	1	0.104	118.4072	25.02227	118.4073	25.02134
928768	1	0.102	118.4073	25.02134	118.40737	25.02042
928766	1	0.887	118.40737	25.02042	118.40809	25.01246
49284800	1	0.016	118.40809	25.01246	118.40812	25.01232
49284799	1	0.102	118.40812	25.01232	118.40834	25.01142
925712	1	1.586	118.40834	25.01142	118.41733	25.0
762207	1	0.133	118.41733	25.0	118.41824	24.99913
774681	1	0.04	118.41824	24.99913	118.41851	24.99886
14666844	1	0.527	118.41851	24.99886	118.42224	24.99554
14666843	1	4.932	118.42224	24.99554	118.45736	24.96732
49284818	1	0.357	118.45736	24.96732	118.46087	24.96693
14947493	1	1.13	118.46087	24.96693	118.47161	24.9651
14947492	1	0.292	118.47161	24.9651	118.47375	24.96333
774690	1	0.361	118.47375	24.96333	118.47563	24.96058
774689	1	0.244	118.47563	24.96058	118.47664	24.95858
14860518	1	0.116	118.47664	24.95858	118.47713	24.95764
14860517	1	0.317	118.47713	24.95764	118.47847	24.95506
14860480	1	0.186	118.47847	24.95506	118.47926	24.95355
774693	1	3.808	118.47926	24.95355	118.5	24.92687
700497	1	0.374	118.5	24.92687	118.50291	24.9248
706774	1	0.335	118.50291	24.9248	118.50501	24.92247
706775	1	0.026	118.50501	24.92247	118.50517	24.92229
701992	1	0.103	118.50517	24.92229	118.50574	24.92152
701993	1	0.477	118.50574	24.92152	118.50742	24.91753
701994	1	0.097	118.50742	24.91753	118.50757	24.91667
950705	1	3.048	118.50757	24.91667	118.52451	24.89674
950707	1	0.248	118.52451	24.89674	118.52636	24.89527
952104	1	0.756	118.52636	24.89527	118.53159	24.89046
49188791	1	0.072	118.53159	24.89046	118.53193	24.88989
49188790	1	0.069	118.53193	24.88989	118.53223	24.88933
952126	1	0.529	118.53223	24.88933	118.5332	24.88468
952125	1	0.287	118.5332	24.88468	118.53276	24.88213
12511778	1	0.535	118.53276	24.88213	118.53048	24.8778
12511777	1	0.717	118.53048	24.8778	118.52927	24.87156
950694	1	0.113	118.52927	24.87156	118.5295	24.87056
950790	1	0.389	118.5295	24.87056	118.53043	24.86716
950789	1	0.091	118.53043	24.86716	118.53066	24.86637
950696	1	0.103	118.53066	24.86637	118.53092	24.86547
14724943	1	0.155	118.53092	24.86547	118.53131	24.86412
14724942	1	0.139	118.53131	24.86412	118.53164	24.86291
946379	1	3.341	118.53164	24.86291	118.52799	24.83333
14724944	1	0.342	118.52799	24.83333	118.52704	24.83038
14724945	1	0.677	118.52704	24.83038	118.52739	24.82435
772484	1	0.118	118.52739	24.82435	118.52778	24.82335
772486	1	0.185	118.52778	24.82335	118.52851	24.82182
772527	0	0.206	118.52983	24.82032	118.52876	24.8219
772525	0	0.301	118.52876	24.8219	118.52764	24.8244
12511776	0	0.097	118.52764	24.8244	118.5274	24.82524
14724947	0	0.525	118.5274	24.82524	118.52723	24.82994
14724946	0	0.392	118.52723	24.82994	118.52826	24.83333
14948527	0	3.328	118.52826	24.83333	118.53194	24.86275
14948528	0	0.262	118.53194	24.86275	118.53132	24.86504
49188940	0	0.058	118.53132	24.86504	118.53117	24.86554
950695	0	0.104	118.53117	24.86554	118.53091	24.86645
950787	0	0.358	118.53091	24.86645	118.53005	24.86958
950788	0	0.116	118.53005	24.86958	118.52976	24.87059
950693	0	0.115	118.52976	24.87059	118.52952	24.8716
946387	0	0.206	118.52952	24.8716	118.52943	24.87345
12511779	0	0.949	118.52943	24.87345	118.53274	24.88135
12511780	0	0.017	118.53274	24.88135	118.5328	24.88149
49189122	0	0.024	118.5328	24.88149	118.53288	24.88169
49189123	0	0.0030	118.53288	24.88169	118.53289	24.88172
49188793	0	0.045	118.53289	24.88172	118.53302	24.88211
952127	0	0.294	118.53302	24.88211	118.53346	24.88472
952128	0	0.532	118.53346	24.88472	118.53247	24.88939
946389	0	0.165	118.53247	24.88939	118.53172	24.89071
946390	0	0.744	118.53172	24.89071	118.52655	24.89543
950706	0	0.261	118.52655	24.89543	118.5246	24.89697
950704	0	3.017	118.5246	24.89697	118.50784	24.91667
700499	0	0.102	118.50784	24.91667	118.50768	24.91758
708286	0	0.269	118.50768	24.91758	118.50694	24.91991
708285	0	0.212	118.50694	24.91991	118.506	24.92161
701991	0	0.106	118.506	24.92161	118.5054	24.92239
706771	0	0.244	118.5054	24.92239	118.50393	24.92414
706770	0	0.121	118.50393	24.92414	118.50312	24.92494
701990	0	0.4	118.50312	24.92494	118.5	24.92715
14947494	0	3.635	118.5	24.92715	118.48008	24.95249
14947495	0	0.052	118.48008	24.95249	118.47987	24.95292
774697	0	0.081	118.47987	24.95292	118.47953	24.95358
14860519	0	0.196	118.47953	24.95358	118.4787	24.95517
14860520	0	0.313	118.4787	24.95517	118.47737	24.95771
14860489	0	0.114	118.47737	24.95771	118.47689	24.95864
774692	0	0.242	118.47689	24.95864	118.47589	24.96062
774687	0	0.373	118.47589	24.96062	118.47396	24.96347
49284820	0	1.448	118.47396	24.96347	118.46086	24.96716
49284822	0	0.352	118.46086	24.96716	118.4574	24.96755
14666839	0	3.28	118.4574	24.96755	118.43335	24.98558
14666841	0	1.568	118.43335	24.98558	118.42295	24.99534
14666845	0	0.389	118.42295	24.99534	118.4201	24.99769
14666846	0	0.165	118.4201	24.99769	118.41896	24.99875
49284801	0	0.042	118.41896	24.99875	118.41868	24.99903
49284802	0	0.032	118.41868	24.99903	118.41847	24.99925
762206	0	0.114	118.41847	24.99925	118.4177	25.0
925710	0	1.579	118.4177	25.0	118.40866	25.01143
928762	0	0.046	118.40866	25.01143	118.40854	25.01183
928763	0	1.063	118.40854	25.01183	118.40755	25.02135
925742	0	0.105	118.40755	25.02135	118.40746	25.02229
928798	0	0.138	118.40746	25.02229	118.40734	25.02353
928801	0	0.215	118.40734	25.02353	118.40702	25.02545
928772	0	0.26	118.40702	25.02545	118.40689	25.02779
14505385	0	0.267	118.40689	25.02779	118.40712	25.03018
14505386	0	0.08	118.40712	25.03018	118.40722	25.03089
925738	0	1.238	118.40722	25.03089	118.40308	25.04067
925714	0	0.285	118.40308	25.04067	118.40102	25.04243
925746	0	0.225	118.40102	25.04243	118.39951	25.04392
927211	0	0.042	118.39951	25.04392	118.39928	25.04423
928794	0	0.227	118.39928	25.04423	118.39818	25.04601
928797	0	0.36	118.39818	25.04601	118.39711	25.0491
49284797	0	1.992	118.39711	25.0491	118.39844	25.06677
49284798	0	0.0080	118.39844	25.06677	118.39843	25.06684
927220	0	0.03	118.39843	25.06684	118.39838	25.06711
85827225	0	1.829	118.39838	25.06711	118.39539	25.08324
85827226	0	0.01	118.39539	25.08324	118.39539	25.08333
716165	0	0.859	118.39539	25.08333	118.39539	25.09107
716215	0	0.102	118.39539	25.09107	118.3954	25.09199
716216	0	0.041	118.3954	25.09199	118.39542	25.09236
12511799	0	0.097	118.39542	25.09236	118.3955	25.09323
14505387	0	0.231	118.3955	25.09323	118.39564	25.0953
14505388	0	0.747	118.39564	25.0953	118.3943	25.10186
85415215	0	0.072	118.3943	25.10186	118.39406	25.10247
85238747	0	0.113	118.39406	25.10247	118.39369	25.10343
85404414	0	0.063	118.39369	25.10343	118.39348	25.10396
85404415	0	0.657	118.39348	25.10396	118.39217	25.10973
85238742	0	0.237	118.39217	25.10973	118.39196	25.11185
85404418	0	0.182	118.39196	25.11185	118.39178	25.11348
14505389	0	0.347	118.39178	25.11348	118.39146	25.11659
14505390	0	0.2	118.39146	25.11659	118.39145	25.11839
49284794	0	0.043	118.39145	25.11839	118.39148	25.11878
716218	0	0.082	118.39148	25.11878	118.39153	25.11952
716169	0	0.597	118.39153	25.11952	118.39243	25.12484
716187	0	0.053	118.39243	25.12484	118.39245	25.12532
14505391	0	0.035	118.39245	25.12532	118.39247	25.12563
14505392	0	1.636	118.39247	25.12563	118.39504	25.13998
716170	0	0.289	118.39504	25.13998	118.39489	25.14257
716172	0	1.196	118.39489	25.14257	118.38765	25.15061
716174	0	0.327	118.38765	25.15061	118.38538	25.1527
14505395	0	0.167	118.38538	25.1527	118.38447	25.15396
14505396	0	0.653	118.38447	25.15396	118.38073	25.15876
716178	0	0.316	118.38073	25.15876	118.37946	25.16136
716179	0	0.655	118.37946	25.16136	118.37667	25.16667
14505397	0	0.441	118.37667	25.16667	118.37535	25.17042
14505398	0	0.231	118.37535	25.17042	118.375	25.17247
1325859	0	0.113	118.375	25.17247	118.37472	25.17346
1325861	0	0.308	118.37472	25.17346	118.37347	25.17598
1325863	0	0.439	118.37347	25.17598	118.37054	25.17888
1325864	0	0.338	118.37054	25.17888	118.36774	25.18056
1325867	0	0.596	118.36774	25.18056	118.36343	25.18421
1325868	0	0.266	118.36343	25.18421	118.36177	25.18607
14505399	0	1.413	118.36177	25.18607	118.35291	25.19535
14505400	0	0.037	118.35291	25.19535	118.35282	25.19567
1325873	0	0.519	118.35282	25.19567	118.35062	25.19985
1325875	0	0.157	118.35062	25.19985	118.34956	25.20088
1325877	0	0.388	118.34956	25.20088	118.34634	25.20276
1325878	0	1.491	118.34634	25.20276	118.33224	25.20656
1325855	0	0.211	118.33224	25.20656	118.33051	25.20762
1325857	0	0.28	118.33051	25.20762	118.32821	25.20903
1325916	0	0.019	118.32821	25.20903	118.32804	25.20911
1325917	0	0.127	118.32804	25.20911	118.3269	25.20959
1325908	0	0.342	118.3269	25.20959	118.32362	25.21037
14505405	0	3.632	118.32362	25.21037	118.29588	25.22825
14505406	0	0.447	118.29588	25.22825	118.29216	25.23043
1325910	0	0.077	118.29216	25.23043	118.2916	25.2309
1325911	0	0.044	118.2916	25.2309	118.2913	25.23119
1325887	0	0.467	118.2913	25.23119	118.28853	25.23456
1325888	0	0.269	118.28853	25.23456	118.28693	25.2365
1325912	0	0.042	118.28693	25.2365	118.28664	25.23677
1325913	0	2.07	118.28664	25.23677	118.27315	25.25
14505413	0	1.41	118.27315	25.25	118.26653	25.26112
14505414	0	0.129	118.26653	25.26112	118.26588	25.26212
1785983	0	0.123	118.26588	25.26212	118.26519	25.26304
1785987	0	0.07	118.26519	25.26304	118.26476	25.26354
14505415	0	0.31	118.26476	25.26354	118.26269	25.26561
14505416	0	0.318	118.26269	25.26561	118.26038	25.26755
1790663	0	0.063	118.26038	25.26755	118.25984	25.26784
1790664	0	0.329	118.25984	25.26784	118.25692	25.26917
1790661	0	0.176	118.25692	25.26917	118.25529	25.26973
1790662	0	0.542	118.25529	25.26973	118.25	25.2706
14947097	0	2.476	118.25	25.2706	118.23596	25.28756
14947098	0	0.057	118.23596	25.28756	118.23574	25.28803
872142	0	0.549	118.23574	25.28803	118.23312	25.29229
872144	0	0.317	118.23312	25.29229	118.23018	25.29313
14947127	0	1.189	118.23018	25.29313	118.21965	25.29184
14947128	0	0.274	118.21965	25.29184	118.21761	25.29347
14947122	0	0.326	118.21761	25.29347	118.21515	25.29538
872151	0	1.269	118.21515	25.29538	118.2038	25.30025
872182	0	0.178	118.2038	25.30025	118.20219	25.30091
872184	0	0.133	118.20219	25.30091	118.20104	25.3015
872177	0	0.177	118.20104	25.3015	118.19957	25.30237
872156	0	0.487	118.19957	25.30237	118.19566	25.30496
872233	0	0.726	118.19566	25.30496	118.18933	25.30792
872234	0	0.041	118.18933	25.30792	118.18893	25.30797
872161	0	0.156	118.18893	25.30797	118.18738	25.30806
14947113	0	0.645	118.18738	25.30806	118.18115	25.30678
14947114	0	0.136	118.18115	25.30678	118.1798	25.30681
14947093	0	0.265	118.1798	25.30681	118.1773	25.30752
872194	0	0.166	118.1773	25.30752	118.17589	25.3083
872188	0	1.036	118.17589	25.3083	118.16835	25.3143
872166	0	0.187	118.16835	25.3143	118.16771	25.31588
14947103	0	0.192	118.16771	25.31588	118.16706	25.3175
14947104	0	0.301	118.16706	25.3175	118.16571	25.31991
14947084	0	0.414	118.16571	25.31991	118.16324	25.32289
49284787	0	0.363	118.16324	25.32289	118.16111	25.32552
49284788	0	0.076	118.16111	25.32552	118.16076	25.32613
872172	0	0.067	118.16076	25.32613	118.1605	25.32669
873660	0	0.4	118.1605	25.32669	118.15944	25.33015
12511803	0	0.034	118.15944	25.33015	118.15939	25.33045
12511804	0	0.042	118.15939	25.33045	118.15935	25.33083
870675	0	0.279	118.15935	25.33083	118.15906	25.33333
848596	0	0.252	118.15906	25.33333	118.15859	25.33555
848598	0	0.213	118.15859	25.33555	118.15758	25.33723
850016	0	0.424	118.15758	25.33723	118.15559	25.34056
848547	0	0.281	118.15559	25.34056	118.15535	25.34307
850037	0	0.486	118.15535	25.34307	118.156	25.34741
850038	0	0.073	118.156	25.34741	118.15611	25.34806
848550	0	0.176	118.15611	25.34806	118.15635	25.34963
49284785	0	0.55	118.15635	25.34963	118.1577	25.3544
49284786	0	0.046	118.1577	25.3544	118.15791	25.35477
848541	0	0.217	118.15791	25.35477	118.15916	25.35636
850071	0	0.047	118.15916	25.35636	118.15946	25.35669
850072	0	0.135	118.15946	25.35669	118.16032	25.35762
850047	0	0.137	118.16032	25.35762	118.16122	25.35855
850048	0	0.31	118.16122	25.35855	118.16345	25.36048
848554	0	2.326	118.16345	25.36048	118.1724	25.37888
848555	0	0.604	118.1724	25.37888	118.17022	25.38395
848556	0	0.185	118.17022	25.38395	118.16955	25.3855
848545	0	0.128	118.16955	25.3855	118.16907	25.38657
850029	0	0.679	118.16907	25.38657	118.16505	25.39137
850063	0	0.045	118.16505	25.39137	118.16467	25.39159
850064	0	0.034	118.16467	25.39159	118.16438	25.39175
850056	0	0.203	118.16438	25.39175	118.1627	25.39276
850057	0	0.584	118.1627	25.39276	118.15944	25.39703
848579	0	0.214	118.15944	25.39703	118.15793	25.39837
848582	0	0.507	118.15793	25.39837	118.15343	25.40038
848584	0	0.209	118.15343	25.40038	118.15194	25.40169
848586	0	0.15	118.15194	25.40169	118.15105	25.40277
848588	0	0.804	118.15105	25.40277	118.1481	25.40948
848590	0	0.296	118.1481	25.40948	118.14608	25.4114
848591	0	0.363	118.14608	25.4114	118.14322	25.4134
14726429	0	0.126	118.14322	25.4134	118.14223	25.41409
14726430	0	0.084	118.14223	25.41409	118.14157	25.41455
49284782	0	0.052	118.14157	25.41455	118.14115	25.41483
850061	0	0.09	118.14115	25.41483	118.14044	25.41532
848593	0	0.153	118.14044	25.41532	118.13929	25.41622
848594	0	0.075	118.13929	25.41622	118.13873	25.41667
820633	0	0.298	118.13873	25.41667	118.13662	25.41855
820634	0	0.511	118.13662	25.41855	118.13284	25.42162
820636	0	0.075	118.13284	25.42162	118.13217	25.42191
820638	0	0.521	118.13217	25.42191	118.12727	25.42334
49284775	0	0.225	118.12727	25.42334	118.12545	25.42452
49284776	0	0.055	118.12545	25.42452	118.125	25.4248
49284774	0	0.385	118.125	25.4248	118.12143	25.42604
49284773	0	0.031	118.12143	25.42604	118.12113	25.42612
773747	0	0.0060	118.12113	25.42612	118.12107	25.42613
773729	0	0.259	118.12107	25.42613	118.11861	25.42682
773732	0	0.279	118.11861	25.42682	118.11605	25.42777
773734	0	0.388	118.11605	25.42777	118.11271	25.42952
773736	0	0.236	118.11271	25.42952	118.11074	25.43068
773739	0	0.279	118.11074	25.43068	118.1084	25.43203
773738	0	0.467	118.1084	25.43203	118.10468	25.43454
773727	0	0.215	118.10468	25.43454	118.10332	25.43603
773752	0	0.191	118.10332	25.43603	118.10238	25.43752
49284770	0	0.022	118.10238	25.43752	118.10228	25.4377
49284769	0	0.023	118.10228	25.4377	118.10217	25.43788
773725	0	3.438	118.10217	25.43788	118.08723	25.46571
14505422	0	0.319	118.08723	25.46571	118.08481	25.46757
14726246	0	1.638	118.08481	25.46757	118.07462	25.47816
14726245	0	0.083	118.07462	25.47816	118.07399	25.47864
773722	0	0.528	118.07399	25.47864	118.06925	25.48058
773756	0	0.205	118.06925	25.48058	118.06722	25.48072
773755	0	0.011	118.06722	25.48072	118.06711	25.48072
773719	0	1.048	118.06711	25.48072	118.05697	25.47861
773717	0	0.119	118.05697	25.47861	118.05579	25.47849
773715	0	0.339	118.05579	25.47849	118.05243	25.47856
773713	0	0.605	118.05243	25.47856	118.04646	25.47923
773711	0	0.29	118.04646	25.47923	118.04358	25.47937
773758	0	0.588	118.04358	25.47937	118.03785	25.47844
49284764	0	0.064	118.03785	25.47844	118.03722	25.47852
49284763	0	0.04	118.03722	25.47852	118.03683	25.47858
773708	0	0.148	118.03683	25.47858	118.03546	25.47906
773707	0	0.168	118.03546	25.47906	118.03411	25.47994
773706	0	0.148	118.03411	25.47994	118.033	25.48081
773703	0	0.091	118.033	25.48081	118.03229	25.48132
773702	0	0.278	118.03229	25.48132	118.0299	25.48257
14726248	0	0.204	118.0299	25.48257	118.02814	25.48349
14726247	0	0.214	118.02814	25.48349	118.02639	25.48459
49284759	0	0.031	118.02639	25.48459	118.02614	25.48476
773761	0	0.02	118.02614	25.48476	118.02599	25.48488
773698	0	1.563	118.02599	25.48488	118.0144	25.4942
85415301	0	0.045	118.0144	25.4942	118.01412	25.49452
85415303	0	0.212	118.01412	25.49452	118.01285	25.49605
85415302	0	0.315	118.01285	25.49605	118.01119	25.49845
775226	0	0.018	118.01119	25.49845	118.01111	25.4986
773696	0	0.176	118.01111	25.4986	118.01028	25.5
661516	0	0.666	118.01028	25.5	118.007	25.50521
661515	0	0.02	118.007	25.50521	118.00688	25.50535
661514	0	0.376	118.00688	25.50535	118.00419	25.50769
661512	0	0.235	118.00419	25.50769	118.00221	25.50881
661510	0	0.109	118.00221	25.50881	118.00137	25.50943
661535	0	0.165	118.00137	25.50943	118.00024	25.51051
661534	0	0.034	118.00024	25.51051	118.0	25.51073
802010	0	0.045	118.0	25.51073	117.99967	25.511
802007	0	0.073	117.99967	25.511	117.99913	25.51144
805200	0	0.292	117.99913	25.51144	117.99682	25.51303
805199	0	0.086	117.99682	25.51303	117.99606	25.51338
803598	0	0.158	117.99606	25.51338	117.99458	25.51386
803597	0	0.256	117.99458	25.51386	117.99211	25.51443
805193	0	0.232	117.99211	25.51443	117.98989	25.51502
49284752	0	0.047	117.98989	25.51502	117.98944	25.51513
49284751	0	0.056	117.98944	25.51513	117.9889	25.51527
803588	0	0.36	117.9889	25.51527	117.98542	25.51603
803586	0	0.123	117.98542	25.51603	117.9842	25.51613
803585	0	0.394	117.9842	25.51613	117.98035	25.51554
803581	0	0.646	117.98035	25.51554	117.97414	25.51443
803577	0	0.279	117.97414	25.51443	117.97138	25.51468
803572	0	1.237	117.97138	25.51468	117.96075	25.51978
803567	0	0.162	117.96075	25.51978	117.9592	25.52017
803612	0	0.507	117.9592	25.52017	117.95419	25.52029
803609	0	1.34	117.95419	25.52029	117.94148	25.51754
803564	0	0.205	117.94148	25.51754	117.93983	25.51645
49284746	0	0.234	117.93983	25.51645	117.93773	25.51554
49284745	0	0.018	117.93773	25.51554	117.93756	25.51548
802045	0	0.288	117.93756	25.51548	117.93472	25.51529
803628	0	0.0070	117.93472	25.51529	117.93465	25.51529
12511826	0	0.133	117.93465	25.51529	117.93336	25.51555
12511825	0	0.091	117.93336	25.51555	117.93252	25.51585
802041	0	0.296	117.93252	25.51585	117.92981	25.51689
14726260	0	0.037	117.92981	25.51689	117.92947	25.51701
14726259	0	1.368	117.92947	25.51701	117.91594	25.51832
801994	0	0.127	117.91594	25.51832	117.91468	25.51834
805235	0	0.22	117.91468	25.51834	117.9125	25.51836
805233	0	0.145	117.9125	25.51836	117.91108	25.51859
801990	0	0.168	117.91108	25.51859	117.90953	25.51915
802033	0	0.148	117.90953	25.51915	117.90817	25.51967
802032	0	0.198	117.90817	25.51967	117.90633	25.52031
802028	0	0.584	117.90633	25.52031	117.90063	25.52027
802022	0	0.164	117.90063	25.52027	117.89907	25.51983
805180	0	1.355	117.89907	25.51983	117.88591	25.52125
805177	0	0.036	117.88591	25.52125	117.88557	25.52134
805172	0	0.455	117.88557	25.52134	117.88164	25.52322
14947549	0	0.416	117.88164	25.52322	117.88023	25.52665
14947548	0	0.113	117.88023	25.52665	117.88022	25.52767
805228	0	0.299	117.88022	25.52767	117.87992	25.53034
805225	0	0.055	117.87992	25.53034	117.87977	25.53082
801986	0	0.117	117.87977	25.53082	117.87937	25.53181
14726264	0	0.022	117.87937	25.53181	117.87928	25.53199
14726263	0	0.16	117.87928	25.53199	117.87862	25.5333
803642	0	0.213	117.87862	25.5333	117.87757	25.53497
803640	0	0.073	117.87757	25.53497	117.87714	25.5355
803638	0	0.075	117.87714	25.5355	117.87667	25.53602
800465	0	0.239	117.87667	25.53602	117.875	25.53756
762909	0	0.708	117.875	25.53756	117.8699	25.54197
49284744	0	0.165	117.86773	25.54458	117.86742	25.54603
12511824	0	0.64	117.86742	25.54603	117.86819	25.55172
12511823	0	0.214	117.86819	25.55172	117.86855	25.55362
762916	0	0.319	117.86855	25.55362	117.86824	25.55648
762966	0	3.149	117.86824	25.55648	117.84654	25.57665
14774551	0	0.021	117.84654	25.57665	117.84642	25.57681
14774550	0	0.151	117.84642	25.57681	117.84556	25.57793
85415298	0	0.056	117.84556	25.57793	117.84526	25.57835
762960	0	0.255	117.84526	25.57835	117.84421	25.58044
762920	0	0.185	117.84421	25.58044	117.84364	25.58202
762919	0	0.124	117.84364	25.58202	117.84329	25.58309
762911	0	0.028	117.84329	25.58309	117.84321	25.58333
714654	0	0.52	117.84321	25.58333	117.84188	25.58785
14726270	0	0.479	117.84188	25.58785	117.84007	25.59183
14726269	0	1.07	117.84007	25.59183	117.83861	25.60134
714717	0	0.049	117.83861	25.60134	117.83851	25.60177
714688	0	0.04	117.83851	25.60177	117.83843	25.60212
714685	0	0.464	117.83843	25.60212	117.83773	25.60625
714683	0	0.0080	117.83773	25.60625	117.83774	25.60632
14726272	0	0.021	117.83774	25.60632	117.83775	25.60651
14726271	0	0.526	117.83775	25.60651	117.83864	25.61117
14947541	0	2.874	117.83864	25.61117	117.84223	25.63649
14947540	0	0.114	117.84223	25.63649	117.84214	25.63751
716226	0	0.358	117.84214	25.63751	117.84119	25.64061
716224	0	0.089	117.84119	25.64061	117.84074	25.6413
713193	0	0.396	117.84074	25.6413	117.83835	25.64413
714743	0	0.605	117.83835	25.64413	117.83348	25.64733
714741	0	0.2	117.83348	25.64733	117.83184	25.64835
714694	0	0.021	117.83184	25.64835	117.83167	25.64846
714661	0	0.413	117.83167	25.64846	117.82827	25.65055
14726278	0	0.177	117.82827	25.65055	117.8268	25.65143
14726277	0	0.046	117.8268	25.65143	117.82642	25.65166
714669	0	0.328	117.82642	25.65166	117.82373	25.65334
714703	0	0.115	117.82373	25.65334	117.82286	25.65401
14726284	0	0.485	117.82286	25.65401	117.81994	25.65747
14726283	0	0.06	117.81994	25.65747	117.81964	25.65794
714674	0	0.332	117.81964	25.65794	117.81842	25.66072
14726288	0	0.242	117.81842	25.66072	117.81761	25.66277
14726287	0	0.039	117.81761	25.66277	117.81746	25.66309
49284828	0	0.099	117.81746	25.66309	117.81702	25.66389
49284824	0	0.339	117.81702	25.66389	117.81466	25.66603
714677	0	0.168	117.81466	25.66603	117.81315	25.66667
876329	0	0.283	117.81315	25.66667	117.81038	25.66713
876328	0	0.388	117.81038	25.66713	117.80664	25.668
876325	0	0.449	117.80664	25.668	117.80244	25.66939
876323	0	0.395	117.80244	25.66939	117.7987	25.67049
876321	0	0.433	117.7987	25.67049	117.79445	25.67115
49430170	0	0.617	117.79445	25.67115	117.78835	25.6719
49430169	0	0.217	117.78835	25.6719	117.78621	25.67218
49430165	0	0.719	117.78621	25.67218	117.7791	25.6721
14726290	0	0.088	117.7791	25.6721	117.77823	25.67198
14726289	0	0.057	117.77823	25.67198	117.77766	25.67192
876333	0	0.049	117.77766	25.67192	117.77717	25.67189
876319	0	1.081	117.77717	25.67189	117.76652	25.67326
14726292	0	0.065	117.76652	25.67326	117.76589	25.67338
14726291	0	0.044	117.76589	25.67338	117.76546	25.67347
874900	0	0.453	117.76546	25.67347	117.76139	25.67518
876338	0	0.029	117.76139	25.67518	117.76116	25.67534
876337	0	1.4	117.76116	25.67534	117.75117	25.68414
874898	0	0.142	117.75117	25.68414	117.75	25.68486
1084037	0	0.135	117.75	25.68486	117.7488	25.68541
1084060	0	0.407	117.7488	25.68541	117.74485	25.6862
14726298	0	0.11	117.74485	25.6862	117.74376	25.68632
14726297	0	0.072	117.74376	25.68632	117.74305	25.68639
1084048	0	0.047	117.74305	25.68639	117.74258	25.68644
1084035	0	4.579	117.74258	25.68644	117.69715	25.68929
1084050	0	0.024	117.69715	25.68929	117.69691	25.6893
1084052	0	1.726	117.69691	25.6893	117.68391	25.6982
1084051	0	0.11	117.68391	25.6982	117.6833	25.69902
1084032	0	0.214	117.6833	25.69902	117.68211	25.70062
1084045	0	0.284	117.68211	25.70062	117.68043	25.70267
1084044	0	0.321	117.68043	25.70267	117.67806	25.70461
1084041	0	0.38	117.67806	25.70461	117.67556	25.70717
1084076	0	0.14	117.67556	25.70717	117.67481	25.70823
1084075	0	0.125	117.67481	25.70823	117.67414	25.70918
1084038	0	0.382	117.67414	25.70918	117.67195	25.71199
1084031	0	0.456	117.67195	25.71199	117.66851	25.71466
1084068	0	0.364	117.66851	25.71466	117.66546	25.71644
14726306	0	0.067	117.66546	25.71644	117.6649	25.71677
14726305	0	0.047	117.6649	25.71677	117.66451	25.71701
1084054	0	0.035	117.66451	25.71701	117.66422	25.71718
1084029	0	0.307	117.66422	25.71718	117.66171	25.71876
1084027	0	1.692	117.66171	25.71876	117.65245	25.73121
1084026	0	0.235	117.65245	25.73121	117.65158	25.73318
1084023	0	0.656	117.65158	25.73318	117.64852	25.73837
1084022	0	0.195	117.64852	25.73837	117.64713	25.7396
49430178	0	1.199	117.64713	25.7396	117.6361	25.74359
49430177	0	0.284	117.6361	25.74359	117.63389	25.74517
49430173	0	0.632	117.63389	25.74517	117.63057	25.75
1245047	0	0.238	117.63057	25.75	117.62929	25.75181
14726310	0	0.044	117.62929	25.75181	117.62904	25.75213
14726309	0	0.03	117.62904	25.75213	117.62885	25.75234
1245048	0	0.128	117.62885	25.75234	117.62795	25.75315
1245042	0	0.298	117.62795	25.75315	117.6254	25.75451
1245038	0	0.044	117.6254	25.75451	117.625	25.75467
14726312	0	0.091	117.625	25.75467	117.6242	25.75505
14726311	0	0.3	117.6242	25.75505	117.62163	25.75644
1962688	0	0.263	117.62163	25.75644	117.61934	25.75759
14726316	0	0.302	117.61934	25.75759	117.61657	25.75866
14726318	0	1.166	117.61657	25.75866	117.60804	25.76517
14726320	0	1.013	117.60804	25.76517	117.59957	25.76943
14726319	0	1.528	117.59957	25.76943	117.58475	25.77194
1962704	0	0.333	117.58475	25.77194	117.58144	25.77209
1961192	0	0.106	117.58144	25.77209	117.5804	25.77226
1962777	0	0.219	117.5804	25.77226	117.57826	25.77266
1962775	0	0.022	117.57826	25.77266	117.57804	25.7727
1961187	0	0.12	117.57804	25.7727	117.5769	25.773
1961182	0	0.203	117.5769	25.773	117.57508	25.77379
1962699	0	1.702	117.57508	25.77379	117.55906	25.77695
1962696	0	0.284	117.55906	25.77695	117.55633	25.77761
49430210	0	2.126	117.55633	25.77761	117.53651	25.78021
49430209	0	0.193	117.53651	25.78021	117.53469	25.77963
49430203	0	0.153	117.53469	25.77963	117.53325	25.77916
49430199	0	0.268	117.53325	25.77916	117.53078	25.77824
49430195	0	0.315	117.53078	25.77824	117.52795	25.77701
1962769	0	0.048	117.52795	25.77701	117.52752	25.77682
1962719	0	0.063	117.52752	25.77682	117.52695	25.77657
1962701	0	1.055	117.52695	25.77657	117.51794	25.77166
1962713	0	0.024	117.51794	25.77166	117.51773	25.77156
14726326	0	1.275	117.51773	25.77156	117.50583	25.7723
14726325	0	0.12	117.50583	25.7723	117.50497	25.77305
49430184	0	0.063	117.50497	25.77305	117.50456	25.77348
49430183	0	0.214	117.50456	25.77348	117.50312	25.7749
49430179	0	0.365	117.50312	25.7749	117.5	25.77653
14726327	0	0.332	117.5	25.77653	117.49671	25.77677
14726328	0	0.072	117.49671	25.77677	117.49599	25.77675
1781803	0	0.172	117.49599	25.77675	117.49429	25.7769
1781791	0	0.022	117.49429	25.7769	117.49407	25.77694
1781780	0	1.177	117.49407	25.77694	117.48758	25.78504
14726329	0	0.896	117.48758	25.78504	117.48599	25.79293
14726330	0	0.377	117.48599	25.79293	117.48545	25.79627
1781783	0	0.261	117.48545	25.79627	117.48416	25.7983
14726331	0	0.162	117.48416	25.7983	117.48305	25.79936
14726332	0	0.927	117.48305	25.79936	117.47595	25.80466
49430192	0	0.281	117.47595	25.80466	117.47334	25.80559
14726333	0	0.07	117.47334	25.80559	117.47272	25.80588
14726334	0	0.342	117.47272	25.80588	117.47006	25.80779
14726335	0	0.3	117.47006	25.80779	117.46785	25.80961
14726336	0	0.255	117.46785	25.80961	117.46567	25.81079
49284742	0	0.051	117.46567	25.81079	117.46519	25.81095
1781804	0	0.063	117.46519	25.81095	117.4646	25.81114
1781785	0	1.546	117.4646	25.81114	117.44999	25.81483
1781809	0	0.073	117.44999	25.81483	117.44941	25.81523
49430215	0	0.357	117.44941	25.81523	117.4466	25.81721
49430216	0	0.431	117.4466	25.81721	117.44296	25.81925
49430212	0	1.222	117.44296	25.81925	117.431	25.82079
1781792	0	0.6	117.431	25.82079	117.4277	25.8251
1781793	0	0.431	117.4277	25.8251	117.42715	25.82895
1781776	0	0.23	117.42715	25.82895	117.42677	25.83099
1781815	0	0.158	117.42677	25.83099	117.42643	25.83238
1781816	0	0.108	117.42643	25.83238	117.4262	25.83333
1817394	0	0.102	117.4262	25.83333	117.42574	25.83415
1817403	0	0.341	117.42574	25.83415	117.42385	25.83669
1817446	0	0.119	117.42385	25.83669	117.423	25.83743
1817444	0	0.126	117.423	25.83743	117.42204	25.83817
1817439	0	1.42	117.42204	25.83817	117.41482	25.84892
1817414	0	0.282	117.41482	25.84892	117.41355	25.85119
1817429	0	0.166	117.41355	25.85119	117.41263	25.85243
1817426	0	0.493	117.41263	25.85243	117.40928	25.85567
1817418	0	0.332	117.40928	25.85567	117.40651	25.8573
1817393	0	0.071	117.40651	25.8573	117.40589	25.85761
1817384	0	0.115	117.40589	25.85761	117.40489	25.85812
1817478	0	0.149	117.40489	25.85812	117.40358	25.85876
1817476	0	0.175	117.40358	25.85876	117.40193	25.85926
1817386	0	0.055	117.40193	25.85926	117.40139	25.85936
1817437	0	0.701	117.40139	25.85936	117.39453	25.86059
1817459	0	0.601	117.39453	25.86059	117.38894	25.86255
1817457	0	0.101	117.38894	25.86255	117.38802	25.86293
1817453	0	0.184	117.38802	25.86293	117.38634	25.8636
1817434	0	1.61	117.38634	25.8636	117.375	25.87334
14726338	0	1.7	117.375	25.87334	117.36898	25.88716
14726337	0	0.051	117.36898	25.88716	117.36888	25.88761
1057657	0	0.055	117.36888	25.88761	117.36876	25.88809
1057656	0	0.056	117.36876	25.88809	117.36863	25.88858
1056285	0	0.85	117.36863	25.88858	117.36284	25.89404
1056292	0	0.031	117.36284	25.89404	117.36259	25.89421
1056291	0	0.988	117.36259	25.89421	117.35512	25.89998
1056289	0	0.489	117.35512	25.89998	117.35297	25.9039
1056288	0	0.899	117.35297	25.9039	117.353	25.91195
1056282	0	0.054	117.353	25.91195	117.35302	25.91244
1056281	0	0.477	117.35302	25.91244	117.35234	25.91667
801652	0	0.051	117.35234	25.91667	117.35214	25.91709
801747	0	0.017	117.35214	25.91709	117.35207	25.91723
801745	0	0.143	117.35207	25.91723	117.35149	25.91841
14809769	0	3.388	117.35149	25.91841	117.34182	25.94625
14809768	0	0.034	117.34182	25.94625	117.34153	25.9464
811317	0	0.399	117.34153	25.9464	117.33792	25.94793
811271	0	0.338	117.33792	25.94793	117.33468	25.94877
811280	0	0.383	117.33468	25.94877	117.33089	25.94922
811281	0	0.676	117.33089	25.94922	117.32434	25.95063
811311	0	0.36	117.32434	25.95063	117.32109	25.95201
811310	0	0.189	117.32109	25.95201	117.31949	25.95291
811289	0	0.162	117.31949	25.95291	117.31817	25.95376
811292	0	0.746	117.31817	25.95376	117.31328	25.95874
811294	0	0.558	117.31328	25.95874	117.31294	25.96367
811296	0	2.146	117.31294	25.96367	117.30857	25.98226
811298	0	0.376	117.30857	25.98226	117.30746	25.98547
811300	0	0.198	117.30746	25.98547	117.30758	25.98725
811303	0	0.988	117.30758	25.98725	117.31224	25.99505
811302	0	0.608	117.31224	25.99505	117.31477	26.0
803354	0	0.4	117.31477	26.0	117.31524	26.00357
804866	0	0.034	117.31524	26.00357	117.31523	26.00388
14667016	0	0.369	117.31523	26.00388	117.31476	26.00716
14667017	0	0.079	117.31476	26.00716	117.31448	26.00782
804908	0	0.172	117.31448	26.00782	117.31383	26.00926
804914	0	0.26	117.31383	26.00926	117.31253	26.01129
49284714	0	2.116	117.31253	26.01129	117.30132	26.0274
49284715	0	0.025	117.30132	26.0274	117.30116	26.02757
803349	0	0.022	117.30116	26.02757	117.30101	26.02772
803348	0	0.046	117.30101	26.02772	117.3007	26.02803
803341	0	1.164	117.3007	26.02803	117.29623	26.03733
803326	0	0.022	117.29623	26.03733	117.29625	26.03753
803336	0	0.093	117.29625	26.03753	117.29644	26.03835
803338	0	0.026	117.29644	26.03835	117.2965	26.03858
803339	0	0.106	117.2965	26.03858	117.29673	26.03951
49284708	0	2.16	117.29673	26.03951	117.30511	26.05721
49284709	0	0.054	117.30511	26.05721	117.30511	26.0577
803321	0	0.069	117.30511	26.0577	117.30508	26.05832
803317	0	2.861	117.30508	26.05832	117.29505	26.08225
803312	0	0.037	117.29505	26.08225	117.29495	26.08257
803310	0	0.087	117.29495	26.08257	117.29472	26.08333
794851	0	2.234	117.29472	26.08333	117.28665	26.10195
794853	0	0.157	117.28665	26.10195	117.28599	26.10323
794856	0	1.109	117.28599	26.10323	117.27856	26.11062
794857	0	0.07	117.27856	26.11062	117.27814	26.11112
794858	0	0.486	117.27814	26.11112	117.2755	26.11479
794860	0	0.423	117.2755	26.11479	117.27378	26.11826
794863	0	0.223	117.27378	26.11826	117.27311	26.12018
49284701	0	0.154	117.27311	26.12018	117.27258	26.12148
49284700	0	0.051	117.27258	26.12148	117.2724	26.12191
796288	0	0.277	117.2724	26.12191	117.27134	26.12422
796290	0	0.496	117.27134	26.12422	117.2691	26.12821
49284697	0	0.153	117.2691	26.12821	117.26836	26.12942
49284696	0	0.011	117.26836	26.12942	117.26831	26.12951
796310	0	0.0070	117.26831	26.12951	117.26828	26.12957
796292	0	0.322	117.26828	26.12957	117.26675	26.13212
796295	0	0.042	117.26675	26.13212	117.26654	26.13245
796297	0	0.056	117.26654	26.13245	117.26627	26.13289
49284693	0	1.848	117.26627	26.13289	117.25832	26.1474
49284692	0	0.078	117.25832	26.1474	117.25768	26.1478
796300	0	0.075	117.25768	26.1478	117.25705	26.14816
796301	0	0.731	117.25705	26.14816	117.25022	26.1504
796307	0	0.023	117.25022	26.1504	117.25	26.15045
875011	0	0.071	117.25	26.15045	117.24929	26.15051
875013	0	0.485	117.24929	26.15051	117.2445	26.15121
875015	0	0.281	117.2445	26.15121	117.24181	26.15194
875017	0	0.223	117.24181	26.15194	117.23988	26.15295
875024	0	0.633	117.23988	26.15295	117.2361	26.15742
875023	0	0.059	117.2361	26.15742	117.2359	26.15792
875019	0	0.976	117.2359	26.15792	117.23542	26.16667
912706	0	0.218	117.23542	26.16667	117.23541	26.16863
912708	0	0.128	117.23541	26.16863	117.23533	26.16978
912710	0	0.757	117.23533	26.16978	117.23161	26.17558
912713	0	0.399	117.23161	26.17558	117.22901	26.17831
912712	0	0.081	117.22901	26.17831	117.22848	26.17886
912716	0	0.353	117.22848	26.17886	117.22603	26.18114
912718	0	0.157	117.22603	26.18114	117.22472	26.18191
912720	0	0.241	117.22472	26.18191	117.22247	26.18267
912722	0	0.548	117.22247	26.18267	117.21719	26.18397
912724	0	0.133	117.21719	26.18397	117.21598	26.18448
912726	0	0.342	117.21598	26.18448	117.21286	26.18574
914078	0	0.038	117.21286	26.18574	117.2125	26.18586
14667029	0	0.344	117.2125	26.18586	117.20917	26.18666
14667028	0	0.128	117.20917	26.18666	117.20789	26.18673
914094	0	0.11	117.20789	26.18673	117.20679	26.18676
914099	0	0.373	117.20679	26.18676	117.20306	26.18663
914098	0	1.971	117.20306	26.18663	117.18356	26.18886
914088	0	0.911	117.18356	26.18886	117.17501	26.19159
912727	0	0.032	117.17501	26.19159	117.17472	26.19171
912729	0	0.061	117.17472	26.19171	117.17416	26.19192
912731	0	1.468	117.17416	26.19192	117.16015	26.18981
912735	0	0.095	117.16015	26.18981	117.15926	26.18951
914051	0	0.051	117.15926	26.18951	117.15878	26.18935
914052	0	1.238	117.15878	26.18935	117.14698	26.18599
914101	0	0.506	117.14698	26.18599	117.14213	26.18473
914100	0	0.056	117.14213	26.18473	117.14157	26.18468
49284687	0	0.032	117.14157	26.18468	117.14125	26.18466
49284686	0	0.053	117.14125	26.18466	117.14072	26.18462
914058	0	0.014	117.14072	26.18462	117.14058	26.1846
914060	0	0.376	117.14058	26.1846	117.13684	26.18488
914061	0	0.027	117.13684	26.18488	117.13658	26.18493
914064	0	0.011	117.13658	26.18493	117.13648	26.18496
914065	0	0.06	117.13648	26.18496	117.13589	26.18508
914066	0	0.179	117.13589	26.18508	117.13419	26.18558
914068	0	0.566	117.13419	26.18558	117.12929	26.18812
914071	0	0.242	117.12929	26.18812	117.12698	26.18875
914070	0	0.198	117.12698	26.18875	117.125	26.1888
49284683	0	0.261	117.125	26.1888	117.12239	26.1886
49284682	0	0.539	117.12239	26.1886	117.11724	26.18981
896165	0	0.16	117.11724	26.18981	117.11588	26.19057
49284681	0	0.106	117.11588	26.19057	117.11496	26.19104
49284680	0	0.041	117.11496	26.19104	117.11459	26.1912
896170	0	0.094	117.11459	26.1912	117.11373	26.19154
896172	0	2.083	117.11373	26.19154	117.09314	26.1942
896174	0	0.086	117.09314	26.1942	117.09233	26.19445
896176	0	0.781	117.09233	26.19445	117.08548	26.19784
896177	0	0.04	117.08548	26.19784	117.08513	26.19802
896179	0	0.091	117.08513	26.19802	117.08437	26.19847
896182	0	0.623	117.08437	26.19847	117.07854	26.20021
896184	0	0.434	117.07854	26.20021	117.0745	26.20151
896186	0	1.562	117.0745	26.20151	117.06084	26.20757
896188	0	0.155	117.06084	26.20757	117.0593	26.20745
896191	0	0.094	117.0593	26.20745	117.05837	26.2073
896198	0	0.057	117.05837	26.2073	117.05782	26.20717
896197	0	0.291	117.05782	26.20717	117.05515	26.20613
896196	0	0.066	117.05515	26.20613	117.0546	26.2058
896195	0	0.037	117.0546	26.2058	117.05429	26.20562
896194	0	5.945	117.05429	26.20562	117.0	26.18929
811762	0	0.737	117.0	26.18929	116.99275	26.19028
811760	0	0.399	116.99275	26.19028	116.98887	26.18945
811771	0	0.066	116.98887	26.18945	116.98823	26.18932
811769	0	0.44	116.98823	26.18932	116.98384	26.18939
814692	0	0.865	116.98384	26.18939	116.97563	26.19167
814694	0	0.358	116.97563	26.19167	116.97215	26.19101
814697	0	0.975	116.97215	26.19101	116.96422	26.18604
814705	0	0.175	116.96422	26.18604	116.96251	26.18569
814706	0	1.128	116.96251	26.18569	116.95256	26.1811
814712	0	0.156	116.95256	26.1811	116.95126	26.18032
811778	0	1.626	116.95126	26.18032	116.93568	26.18126
811776	0	0.337	116.93568	26.18126	116.93231	26.18113
814761	0	0.063	116.93231	26.18113	116.93168	26.18115
811787	0	0.213	116.93168	26.18115	116.92957	26.18139
811784	0	0.157	116.92957	26.18139	116.92805	26.18176
14667033	0	0.464	116.92805	26.18176	116.92372	26.18329
14667032	0	0.173	116.92372	26.18329	116.92209	26.18382
814719	0	0.037	116.92209	26.18382	116.92173	26.18391
814721	0	0.054	116.92173	26.18391	116.92121	26.18404
814724	0	3.579	116.92121	26.18404	116.88655	26.19165
814728	0	0.039	116.88655	26.19165	116.8862	26.19181
814734	0	0.078	116.8862	26.19181	116.88553	26.19216
14667037	0	1.018	116.88553	26.19216	116.87786	26.19816
14667036	0	0.338	116.87786	26.19816	116.875	26.19979
736259	0	0.249	116.875	26.19979	116.87292	26.20103
712910	0	0.036	116.87292	26.20103	116.87264	26.20123
712912	0	0.046	116.87264	26.20123	116.87228	26.20149
714531	0	0.182	116.87228	26.20149	116.87099	26.20265
714533	0	0.0040	116.87099	26.20265	116.87096	26.20268
712915	0	0.076	116.87096	26.20268	116.87046	26.2032
712919	0	0.038	116.87046	26.2032	116.87024	26.20348
712922	0	0.018	116.87024	26.20348	116.87014	26.20361
714451	0	0.696	116.87014	26.20361	116.86533	26.20802
712931	0	0.182	116.86533	26.20802	116.86366	26.20866
714527	0	2.182	116.86366	26.20866	116.8425	26.20501
714529	0	0.022	116.8425	26.20501	116.84228	26.20497
712935	0	0.04	116.84228	26.20497	116.84188	26.20492
712941	0	0.414	116.84188	26.20492	116.83775	26.20478
712945	0	0.077	116.83775	26.20478	116.83698	26.20483
712948	0	0.064	116.83698	26.20483	116.83634	26.20488
712949	0	0.381	116.83634	26.20488	116.83257	26.20543
712956	0	0.408	116.83257	26.20543	116.82851	26.2058
712960	0	0.077	116.82851	26.2058	116.82774	26.20581
712966	0	0.722	116.82774	26.20581	116.82056	26.20633
712968	0	0.037	116.82056	26.20633	116.8202	26.20642
714546	0	0.232	116.8202	26.20642	116.81808	26.20726
714548	0	0.168	116.81808	26.20726	116.81656	26.20791
714508	0	0.028	116.81656	26.20791	116.81633	26.20805
712969	0	0.082	116.81633	26.20805	116.81563	26.20844
714538	0	0.293	116.81563	26.20844	116.81312	26.20981
714540	0	0.211	116.81312	26.20981	116.81135	26.21085
712974	0	0.202	116.81135	26.21085	116.80965	26.21183
712979	0	0.083	116.80965	26.21183	116.80896	26.21224
712986	0	0.031	116.80896	26.21224	116.80871	26.2124
712989	0	0.062	116.80871	26.2124	116.80822	26.21274
712990	0	0.531	116.80822	26.21274	116.80462	26.21623
712995	0	0.094	116.80462	26.21623	116.80413	26.21695
712998	0	0.03	116.80413	26.21695	116.80397	26.21718
713002	0	1.206	116.80397	26.21718	116.79715	26.22598
713006	0	0.291	116.79715	26.22598	116.79469	26.22739
714454	0	0.294	116.79469	26.22739	116.79221	26.22882
714458	0	0.23	116.79221	26.22882	116.79029	26.22996
714462	0	1.913	116.79029	26.22996	116.77907	26.24379
714466	0	0.503	116.77907	26.24379	116.77479	26.2461
714469	0	0.108	116.77479	26.2461	116.77377	26.24643
714514	0	0.576	116.77377	26.24643	116.76837	26.24825
714516	0	0.013	116.76837	26.24825	116.76825	26.24829
714473	0	0.236	116.76825	26.24829	116.76603	26.24901
714477	0	0.328	116.76603	26.24901	116.76293	26.24998
714479	0	0.0070	116.76293	26.24998	116.76286	26.25
853364	0	1.777	116.76286	26.25	116.75	26.26059
1714033	0	2.267	116.75	26.26059	116.72835	26.26468
1714035	0	0.11	116.72835	26.26468	116.72726	26.26479
1714037	0	0.757	116.72726	26.26479	116.72005	26.26683
14947529	0	0.048	116.72005	26.26683	116.7196	26.26699
14947528	0	0.108	116.7196	26.26699	116.71859	26.26735
1715556	0	0.149	116.71859	26.26735	116.71719	26.26781
1715555	0	0.254	116.71719	26.26781	116.71481	26.26862
1714092	0	0.011	116.71481	26.26862	116.71471	26.26866
1714038	0	0.193	116.71471	26.26866	116.71299	26.26945
1715560	0	0.211	116.71299	26.26945	116.71125	26.27053
1715559	0	0.178	116.71125	26.27053	116.70982	26.27149
1714041	0	0.261	116.70982	26.27149	116.70767	26.27282
1714043	0	0.586	116.70767	26.27282	116.70226	26.27484
1714045	0	0.214	116.70226	26.27484	116.70024	26.27549
1714047	0	0.664	116.70024	26.27549	116.69386	26.27709
1714049	0	0.14	116.69386	26.27709	116.69247	26.27723
1714051	0	0.779	116.69247	26.27723	116.68481	26.2784
1714053	0	0.131	116.68481	26.2784	116.68361	26.27889
1714055	0	0.812	116.68361	26.27889	116.67617	26.28184
1714057	0	0.226	116.67617	26.28184	116.67403	26.28248
1714059	0	1.744	116.67403	26.28248	116.65658	26.28262
1714061	0	0.174	116.65658	26.28262	116.65485	26.28241
1714063	0	0.158	116.65485	26.28241	116.65329	26.28217
1714065	0	0.146	116.65329	26.28217	116.65186	26.28191
14667043	0	0.246	116.65186	26.28191	116.64944	26.28146
14667042	0	0.559	116.64944	26.28146	116.64395	26.28041
1714069	0	0.206	116.64395	26.28041	116.64193	26.28004
1714071	0	0.168	116.64193	26.28004	116.64028	26.27974
1715566	0	0.11	116.64028	26.27974	116.6392	26.27953
1715565	0	0.422	116.6392	26.27953	116.63507	26.27872
1715562	0	0.225	116.63507	26.27872	116.63296	26.278
1715561	0	0.935	116.63296	26.278	116.62601	26.27245
1714084	0	0.098	116.62601	26.27245	116.62526	26.27188
1714083	0	0.033	116.62526	26.27188	116.625	26.2717
1330279	0	0.409	116.625	26.2717	116.62133	26.27009
1330282	0	0.132	116.62133	26.27009	116.62009	26.26968
1330283	0	1.899	116.62009	26.26968	116.60364	26.26164
1330286	0	0.186	116.60364	26.26164	116.60183	26.26126
1330287	0	0.413	116.60183	26.26126	116.59799	26.25992
1330289	0	0.082	116.59799	26.25992	116.59729	26.25954
1330291	0	1.419	116.59729	26.25954	116.58474	26.25371
1330293	0	0.173	116.58474	26.25371	116.58307	26.2533
1330296	0	1.598	116.58307	26.2533	116.56742	26.25066
1330297	0	0.181	116.56742	26.25066	116.56561	26.25066
1330299	0	1.283	116.56561	26.25066	116.55334	26.25296
1330300	0	0.279	116.55334	26.25296	116.55099	26.25432
1330303	0	1.796	116.55099	26.25432	116.53444	26.25969
1330305	0	0.296	116.53444	26.25969	116.5317	26.2607
1330327	0	0.315	116.5317	26.2607	116.52865	26.26143
1330328	0	0.119	116.52865	26.26143	116.52749	26.26169
1330337	0	0.215	116.52749	26.26169	116.52546	26.26233
1330338	0	0.087	116.52546	26.26233	116.52464	26.26259
1330339	0	0.413	116.52464	26.26259	116.52101	26.26436
1330340	0	1.337	116.52101	26.26436	116.50863	26.26816
1330307	0	0.219	116.50863	26.26816	116.50646	26.26841
1330308	0	0.668	116.50646	26.26841	116.5	26.26997
14947498	0	0.455	116.5	26.26997	116.49551	26.27062
14947499	0	0.306	116.49551	26.27062	116.49244	26.27064
14947502	0	0.449	116.49244	26.27064	116.48793	26.27064
14947503	0	3.96	116.48793	26.27064	116.45055	26.26122
764755	0	0.069	116.45055	26.26122	116.44989	26.26104
764765	0	1.278	116.44989	26.26104	116.4387	26.25603
764768	0	0.535	116.4387	26.25603	116.436	26.25187
764761	0	0.239	116.436	26.25187	116.43481	26.25
1362129	0	0.235	116.43481	26.25	116.43365	26.24816
1362130	0	0.565	116.43365	26.24816	116.43078	26.24378
1362132	0	0.622	116.43078	26.24378	116.42592	26.24042
1362133	0	0.191	116.42592	26.24042	116.42415	26.23977
49284674	0	0.765	116.42415	26.23977	116.41699	26.2373
49284675	0	0.122	116.41699	26.2373	116.4158	26.23704
1362139	0	0.096	116.4158	26.23704	116.41485	26.23691
1362140	0	0.517	116.41485	26.23691	116.40968	26.23678
1362143	0	0.091	116.40968	26.23678	116.40877	26.23679
1362146	0	0.052	116.40877	26.23679	116.40825	26.23679
1362147	0	0.137	116.40825	26.23679	116.40688	26.2368
1362149	0	0.456	116.40688	26.2368	116.40259	26.23559
1362151	0	0.209	116.40259	26.23559	116.40101	26.23436
1362153	0	0.461	116.40101	26.23436	116.39793	26.23127
1362155	0	0.0060	116.39793	26.23127	116.39789	26.23123
1362157	0	0.422	116.39789	26.23123	116.39433	26.22926
1362159	0	0.157	116.39433	26.22926	116.3928	26.22895
1362162	0	0.241	116.3928	26.22895	116.39039	26.22899
1362163	0	0.656	116.39039	26.22899	116.38401	26.23036
1362164	0	0.118	116.38401	26.23036	116.38284	26.23047
1362165	0	0.044	116.38284	26.23047	116.3824	26.2305
1362166	0	0.305	116.3824	26.2305	116.37936	26.23073
1362169	0	0.071	116.37936	26.23073	116.37865	26.23078
1362171	0	0.143	116.37865	26.23078	116.37722	26.2309
1362172	0	0.226	116.37722	26.2309	116.375	26.2313
