G72#1362174#1330333	1362174	1330333	1	16.395999999999997	116.375	26.23119	116.52092	26.26425	1362174	1362173	1362170	1362168	1362167	1362176	1362175	1362161	1362160	1362158	1362156	1362154	1362152	1362150	49284673	49284672	1362145	1362144	1362142	1362141	1362138	14667051	14667050	1362135	1362134	1362131	1362128	764764	764774	764772	764758	14947501	14947500	14947497	14947496	1330310	1330309	1330334	1330333
G72#14667049#1715549	14667049	1715549	1	20.508	116.52092	26.26425	116.71116	26.27044	14667049	14667048	1330341	1330336	1330335	1330306	1330304	1330302	1330301	1330298	1330295	1330294	1330292	1330290	1330288	1330285	1330284	1330281	1330280	1714085	1714086	1714082	1715563	1715564	1715567	1715568	1714070	1714068	1714066	1714064	1714062	1714060	1714058	1714056	1714054	1714052	1714050	1714048	1714046	1714044	1714042	1714040	1715549
G72#1715550#714504	1715550	714504	1	12.831000000000001	116.71116	26.27044	116.81305	26.20971	1715550	1714039	1715557	1715558	1715553	1715554	1714036	14667038	14667039	853363	714482	714480	714475	714521	714518	714471	714467	714464	714460	714456	714453	713004	713000	712996	712993	712985	712983	712981	712976	712972	714504
G72#714501#811753	714501	811753	1	12.707999999999998	116.81305	26.20971	116.92951	26.18114	714501	712970	714544	714542	714498	712965	712962	712954	14667047	14667046	714525	49284677	49284676	712943	712939	712937	712932	14667045	14667044	712926	712924	712917	714535	716017	712914	712909	712907	14667034	14667035	814738	814730	814726	814723	814716	811789	811791	811753
G72#811780#914090	811780	914090	1	29.247000000000003	116.92951	26.18114	117.20311	26.18651	811780	811782	814767	814714	814710	814703	814700	814696	811773	811774	811765	811767	813236	49284678	49284679	896193	896200	896199	896190	896189	896187	896185	14667030	14667031	896180	896181	896178	896175	896173	896171	896168	896167	896166	896164	914072	914073	914069	49284684	49284685	914062	914063	914059	914057	914056	914055	914102	914103	49284688	49284689	912734	912733	912732	912730	912728	914089	914090
G72#914096#804870	914096	804870	1	24.994	117.20311	26.18651	117.31236	26.01122	914096	914097	914092	914093	912725	912723	912721	912719	912717	912714	912715	912711	912709	912707	875020	875021	875022	875018	875016	49284690	49284691	875012	796302	796303	796306	14667026	14667027	49284695	796296	796294	796293	796308	796309	14667024	14667025	49284699	796289	794865	794862	14667022	14667023	49284703	794859	796304	796305	794855	794854	49284704	14667020	14667021	49284707	803309	803315	803319	803324	803323	49284711	14667019	14667018	49284713	49284712	803328	803344	803346	803351	803352	804870
G72#804912#811290	804912	811290	1	7.291999999999999	117.31236	26.01122	117.321	25.95189	804912	804910	804905	804903	811304	811305	811301	811299	811297	811295	811293	811291	811290
G72#811312#811316	811312	811316	1	2.1610000000000005	117.321	25.95189	117.34146	25.94619	811312	811313	811314	811315	811316
G72#811274#803256	811274	803256	1	3.562	117.34146	25.94619	117.35191	25.917	811274	801663	803256
G72#800156#14947545	800156	14947545	1	12.393	117.35191	25.917	117.42369	25.83655	800156	1057666	1057667	1056280	1056286	1056287	14726339	14726340	1057660	1057661	1056284	1056293	1057658	1057659	1817432	1817455	1817461	1817463	1817435	1817388	1817382	1817390	1817391	1817417	1817421	1817423	1817412	1817442	1817449	14947544	14947545
G72#1817405#14726322	1817405	14726322	1	19.666999999999998	117.42369	25.83655	117.57497	25.7736	1817405	1817407	1817401	1781778	1781777	1781795	1781794	49430214	49430218	49430217	1781807	1781787	1781784	1781806	49430190	49430194	49430193	1781781	1781789	1781788	1781779	1781790	1781801	1781800	49430181	49430185	49430186	14726323	14726324	1962717	1962702	1962721	1962772	49430197	49430201	49430205	49430207	49430208	1962692	14726321	14726322
G72#1961183#14947543	1961183	14947543	1	32.29199999999998	117.57497	25.7736	117.83816	25.644	1961183	1962680	1961188	1961190	1961193	1962684	1962686	14726313	14726314	1962756	1962723	1245036	1245040	1245044	1246552	1246555	49430171	49430175	49430176	1084021	1084024	1084025	14726307	14726308	1084072	1084056	1084028	1084055	1084069	1084070	1084030	1084039	1084040	1084042	1084043	14726301	14726302	1084066	1084033	1084053	1084063	14726303	14726304	14726300	1084061	1084062	1084034	1084049	1084073	1084074	1084036	874897	14726295	14726296	874899	14726293	14726294	874903	876339	49430163	49430167	49430168	876320	876322	876324	876326	876327	714675	49284826	49284830	14726285	14726286	714706	714672	14726281	14726282	714699	714665	14726279	14726280	714663	714692	714744	14726275	14947542	14947543
G72#716220#803646	716220	803646	1	13.237000000000004	117.83816	25.644	117.87833	25.53315	716220	716222	713195	714656	14726273	14726274	714725	714691	714679	714681	714687	714720	714722	714652	762910	762913	762921	762922	762961	762962	14726267	14774548	14774549	762964	762917	762918	14726265	14726266	762914	762915	800464	803605	803643	803646
G72#805221#803603	805221	803603	1	13.261	117.87833	25.53315	117.99602	25.51326	805221	805223	801984	801988	803607	805173	805175	802024	802030	802034	802036	801992	805236	805239	801995	805181	14726261	14726262	805185	802043	14726257	14726258	805230	805231	802047	803562	803565	14726255	14726256	49284748	803570	803575	803579	14726251	14726253	14726254	805187	805188	49284749	49284750	803592	803595	803601	803603
G72#14726249#850027	14726249	850027	1	23.503999999999994	117.99602	25.51326	118.16492	25.39117	14726249	14726250	805243	802006	801962	49284753	49284754	661529	661513	661526	49284755	49284756	661517	661518	773697	775224	49284757	49284758	773699	773700	773701	773704	773705	773759	49284761	49284762	773709	773710	773712	773714	773716	49284765	49284766	773720	773721	773723	14726243	14726244	12511840	49284768	773754	773726	773741	773742	773728	773749	49284771	49284772	773740	773737	773735	773733	773730	773731	14726432	14726431	49284778	49284777	820637	825398	825397	820635	850026	49284780	49284779	848595	14726428	14726427	848592	850059	49284784	49284783	848589	848587	848585	848583	848581	850028	850027
G72#850066#848553	850066	848553	1	3.881	118.16492	25.39117	118.16334	25.36061	850066	850065	848546	848558	848557	848553
G72#848539#14947117	848539	14947117	1	5.348	118.16334	25.36061	118.16681	25.31742	848539	14505420	14505419	850070	850069	848542	14505418	14505417	850039	848552	848549	848548	850018	850017	14947102	14947101	870683	870681	872175	873657	873656	14947106	14947118	14947117
G72#14947089#14947096	14947089	14947096	1	8.518	118.16681	25.31742	118.23582	25.28729	14947089	872169	872190	872195	14947110	14947109	14947100	14947099	49284790	49284789	872164	872160	872157	872179	872187	872230	872229	872153	14947126	14947125	14947123	872140	14947096
G72#14947095#1785985	14947095	1785985	1	3.5789999999999997	118.23582	25.28729	118.26023	25.26736	14947095	1785986	1785985
G72#1785980#1325858	1785980	1325858	1	9.897	118.26023	25.26736	118.32805	25.20886	1785980	1790666	1790665	1785990	14505412	14505411	12511805	14505410	14505409	14505408	14505407	1325886	1325885	1325883	14505404	14505403	14505401	1325858
G72#1325856#85415218	1325856	85415218	1	13.806	118.32805	25.20886	118.39152	25.11343	1325856	1325915	1325914	1325903	1325902	1325879	1325876	1325874	1325872	1325870	1325869	1325866	1325865	1325862	1325860	1355012	716181	716180	716177	716175	716173	716171	14505394	14505393	49284792	49284791	716168	716183	85415219	85415218
G72#85415217#925723	85415217	925723	1	9.637999999999998	118.39152	25.11343	118.40704	25.03093	85415217	85415216	85404413	85404412	85238737	85404417	85404416	49284796	49284795	716164	85827224	85827223	927206	928793	12511798	12511797	927216	927213	925717	925723
G72#925736#14947492	925736	14947492	1	11.176	118.40704	25.03093	118.47375	24.96333	925736	87967548	14505384	14505383	930192	928803	925745	928768	928766	49284800	49284799	925712	762207	774681	14666844	14666843	49284818	14947493	14947492
G72#774690#700497	774690	700497	1	5.406	118.47375	24.96333	118.50291	24.9248	774690	774689	14860518	14860517	14860480	774693	700497
G72#706774#12511777	706774	12511777	1	7.299	118.50291	24.9248	118.52927	24.87156	706774	706775	701992	701993	701994	950705	950707	952104	49188791	49188790	952126	952125	12511778	12511777
G72#950694#14724945	950694	14724945	1	5.35	118.52927	24.87156	118.52739	24.82435	950694	950790	950789	950696	14724943	14724942	946379	14724944	14724945
G72#772484#772486	772484	772486	1	0.303	118.52739	24.82435	118.52851	24.82182	772484	772486
G72#772527#49188940	772527	49188940	0	5.1690000000000005	118.52983	24.82032	118.53117	24.86554	772527	772525	12511776	14724947	14724946	14948527	14948528	49188940
G72#950695#700499	950695	700499	0	7.052	118.53117	24.86554	118.50768	24.91758	950695	950787	950788	950693	946387	12511779	12511780	49189122	49189123	49188793	952127	952128	946389	946390	950706	950704	700499
G72#708286#774697	708286	774697	0	5.12	118.50768	24.91758	118.47953	24.95358	708286	708285	701991	706771	706770	701990	14947494	14947495	774697
G72#14860519#928763	14860519	928763	0	11.315999999999999	118.47953	24.95358	118.40755	25.02135	14860519	14860520	14860489	774692	774687	49284820	49284822	14666839	14666841	14666845	14666846	49284801	49284802	762206	925710	928762	928763
G72#925742#85415215	925742	85415215	0	9.459999999999997	118.40755	25.02135	118.39406	25.10247	925742	928798	928801	928772	14505385	14505386	925738	925714	925746	927211	928794	928797	49284797	49284798	927220	85827225	85827226	716165	716215	716216	12511799	14505387	14505388	85415215
G72#85238747#1325855	85238747	1325855	0	14.796	118.39406	25.10247	118.33051	25.20762	85238747	85404414	85404415	85238742	85404418	14505389	14505390	49284794	716218	716169	716187	14505391	14505392	716170	716172	716174	14505395	14505396	716178	716179	14505397	14505398	1325859	1325861	1325863	1325864	1325867	1325868	14505399	14505400	1325873	1325875	1325877	1325878	1325855
G72#1325857#14505414	1325857	14505414	0	9.354999999999999	118.33051	25.20762	118.26588	25.26212	1325857	1325916	1325917	1325908	14505405	14505406	1325910	1325911	1325887	1325888	1325912	1325913	14505413	14505414
G72#1785983#14947097	1785983	14947097	0	4.407	118.26588	25.26212	118.23596	25.28756	1785983	1785987	14505415	14505416	1790663	1790664	1790661	1790662	14947097
G72#14947098#14947114	14947098	14947114	0	6.659999999999999	118.23596	25.28756	118.1798	25.30681	14947098	872142	872144	14947127	14947128	14947122	872151	872182	872184	872177	872156	872233	872234	872161	14947113	14947114
G72#14947093#14947104	14947093	14947104	0	2.1470000000000002	118.1798	25.30681	118.16571	25.31991	14947093	872194	872188	872166	14947103	14947104
G72#14947084#49284786	14947084	49284786	0	4.176	118.16571	25.31991	118.15791	25.35477	14947084	49284787	49284788	872172	873660	12511803	12511804	870675	848596	848598	850016	848547	850037	850038	848550	49284785	49284786
G72#848541#848556	848541	848556	0	3.9610000000000003	118.15791	25.35477	118.16955	25.3855	848541	850071	850072	850047	850048	848554	848555	848556
G72#848545#661512	848545	661512	0	23.505	118.16955	25.3855	118.00221	25.50881	848545	850029	850063	850064	850056	850057	848579	848582	848584	848586	848588	848590	848591	14726429	14726430	49284782	850061	848593	848594	820633	820634	820636	820638	49284775	49284776	49284774	49284773	773747	773729	773732	773734	773736	773739	773738	773727	773752	49284770	49284769	773725	14505422	14726246	14726245	773722	773756	773755	773719	773717	773715	773713	773711	773758	49284764	49284763	773708	773707	773706	773703	773702	14726248	14726247	49284759	773761	773698	85415301	85415303	85415302	775226	773696	661516	661515	661514	661512
G72#661510#14947548	661510	14947548	0	13.406999999999998	118.00221	25.50881	117.88022	25.52767	661510	661535	661534	802010	802007	805200	805199	803598	803597	805193	49284752	49284751	803588	803586	803585	803581	803577	803572	803567	803612	803609	803564	49284746	49284745	802045	803628	12511826	12511825	802041	14726260	14726259	801994	805235	805233	801990	802033	802032	802028	802022	805180	805177	805172	14947549	14947548
G72#805228#14947540	805228	14947540	0	13.432999999999998	117.88022	25.52767	117.84214	25.63751	805228	805225	801986	14726264	14726263	803642	803640	803638	800465	762909	49284744	12511824	12511823	762916	762966	14774551	14774550	85415298	762960	762920	762919	762911	714654	14726270	14726269	714717	714688	714685	714683	14726272	14726271	14947541	14947540
G72#716226#1962704	716226	1962704	0	32.424	117.84214	25.63751	117.58144	25.77209	716226	716224	713193	714743	714741	714694	714661	14726278	14726277	714669	714703	14726284	14726283	714674	14726288	14726287	49284828	49284824	714677	876329	876328	876325	876323	876321	49430170	49430169	49430165	14726290	14726289	876333	876319	14726292	14726291	874900	876338	876337	874898	1084037	1084060	14726298	14726297	1084048	1084035	1084050	1084052	1084051	1084032	1084045	1084044	1084041	1084076	1084075	1084038	1084031	1084068	14726306	14726305	1084054	1084029	1084027	1084026	1084023	1084022	49430178	49430177	49430173	1245047	14726310	14726309	1245048	1245042	1245038	14726312	14726311	1962688	14726316	14726318	14726320	14726319	1962704
G72#1961192#1781776	1961192	1781776	0	19.588000000000008	117.58144	25.77209	117.42677	25.83099	1961192	1962777	1962775	1961187	1961182	1962699	1962696	49430210	49430209	49430203	49430199	49430195	1962769	1962719	1962701	1962713	14726326	14726325	49430184	49430183	49430179	14726327	14726328	1781803	1781791	1781780	14726329	14726330	1781783	14726331	14726332	49430192	14726333	14726334	14726335	14726336	49284742	1781804	1781785	1781809	49430215	49430216	49430212	1781792	1781793	1781776
G72#1781815#1056288	1781815	1056288	0	12.527999999999999	117.42677	25.83099	117.353	25.91195	1781815	1781816	1817394	1817403	1817446	1817444	1817439	1817414	1817429	1817426	1817418	1817393	1817384	1817478	1817476	1817386	1817437	1817459	1817457	1817453	1817434	14726338	14726337	1057657	1057656	1056285	1056292	1056291	1056289	1056288
G72#1056282#811317	1056282	811317	0	4.563	117.353	25.91195	117.33792	25.94793	1056282	1056281	801652	801747	801745	14809769	14809768	811317
G72#811271#804866	811271	804866	0	8.162	117.33792	25.94793	117.31523	26.00388	811271	811280	811281	811311	811310	811289	811292	811294	811296	811298	811300	811303	811302	803354	804866
G72#14667016#914078	14667016	914078	0	24.917	117.31523	26.00388	117.2125	26.18586	14667016	14667017	804908	804914	49284714	49284715	803349	803348	803341	803326	803336	803338	803339	49284708	49284709	803321	803317	803312	803310	794851	794853	794856	794857	794858	794860	794863	49284701	49284700	796288	796290	49284697	49284696	796310	796292	796295	796297	49284693	49284692	796300	796301	796307	875011	875013	875015	875017	875024	875023	875019	912706	912708	912710	912713	912712	912716	912718	912720	912722	912724	912726	914078
G72#14667029#814761	14667029	814761	0	29.972999999999995	117.2125	26.18586	116.93168	26.18115	14667029	14667028	914094	914099	914098	914088	912727	912729	912731	912735	914051	914052	914101	914100	49284687	49284686	914058	914060	914061	914064	914065	914066	914068	914071	914070	49284683	49284682	896165	49284681	49284680	896170	896172	896174	896176	896177	896179	896182	896184	896186	896188	896191	896198	896197	896196	896195	896194	811762	811760	811771	811769	814692	814694	814697	814705	814706	814712	811778	811776	814761
G72#811787#712968	811787	712968	0	12.100999999999999	116.93168	26.18115	116.8202	26.20642	811787	811784	14667033	14667032	814719	814721	814724	814728	814734	14667037	14667036	736259	712910	712912	714531	714533	712915	712919	712922	714451	712931	714527	714529	712935	712941	712945	712948	712949	712956	712960	712966	712968
G72#714546#14947528	714546	14947528	0	12.818999999999997	116.8202	26.20642	116.71859	26.26735	714546	714548	714508	712969	714538	714540	712974	712979	712986	712989	712990	712995	712998	713002	713006	714454	714458	714462	714466	714469	714514	714516	714473	714477	714479	853364	1714033	1714035	1714037	14947529	14947528
G72#1715556#1330328	1715556	1330328	0	20.613000000000007	116.71859	26.26735	116.52749	26.26169	1715556	1715555	1714092	1714038	1715560	1715559	1714041	1714043	1714045	1714047	1714049	1714051	1714053	1714055	1714057	1714059	1714061	1714063	1714065	14667043	14667042	1714069	1714071	1715566	1715565	1715562	1715561	1714084	1714083	1330279	1330282	1330283	1330286	1330287	1330289	1330291	1330293	1330296	1330297	1330299	1330300	1330303	1330305	1330327	1330328
