1347395	1	0.533	116.11034	25.91667	116.1143	25.91346
14947438	1	0.695	116.1143	25.91346	116.11952	25.90937
14947439	1	0.104	116.11952	25.90937	116.12021	25.90867
14947436	1	0.288	116.12021	25.90867	116.12282	25.90765
14947437	1	0.261	116.12282	25.90765	116.125	25.90635
1091538	1	0.162	116.125	25.90635	116.12635	25.90554
1091539	1	1.373	116.12635	25.90554	116.13497	25.89622
1091532	1	0.16	116.13497	25.89622	116.13554	25.89487
1091534	1	0.099	116.13554	25.89487	116.13588	25.89403
1091535	1	0.092	116.13588	25.89403	116.1362	25.89325
1091529	1	0.824	116.1362	25.89325	116.13914	25.88632
1091507	1	0.161	116.13914	25.88632	116.13989	25.88504
1091509	1	0.241	116.13989	25.88504	116.14127	25.88326
1091512	1	0.174	116.14127	25.88326	116.14242	25.88208
1091514	1	0.338	116.14242	25.88208	116.14485	25.87997
1091515	1	0.034	116.14485	25.87997	116.14509	25.87975
1091517	1	0.104	116.14509	25.87975	116.14588	25.87914
1091521	1	0.694	116.14588	25.87914	116.15151	25.8755
1091522	1	0.861	116.15151	25.8755	116.15851	25.87099
1091527	1	0.027	116.15851	25.87099	116.15873	25.87085
1091528	1	0.014	116.15873	25.87085	116.15885	25.87078
1091524	1	0.185	116.15885	25.87078	116.16041	25.86989
1091542	1	0.282	116.16041	25.86989	116.16268	25.86838
1091544	1	0.291	116.16268	25.86838	116.16468	25.86649
14947507	1	1.001	116.16468	25.86649	116.16997	25.85892
14947506	1	0.216	116.16997	25.85892	116.17167	25.85772
1091505	1	0.027	116.17167	25.85772	116.17188	25.85757
14947511	1	0.176	116.17188	25.85757	116.1734	25.85678
14947510	1	1.221	116.1734	25.85678	116.18436	25.85216
1089955	1	0.336	116.18436	25.85216	116.18741	25.85098
1089953	1	0.495	116.18741	25.85098	116.19076	25.84772
1089951	1	0.225	116.19076	25.84772	116.19262	25.84659
1089949	1	0.862	116.19262	25.84659	116.20024	25.84313
1089947	1	0.199	116.20024	25.84313	116.20222	25.84301
1089945	1	1.694	116.20222	25.84301	116.21333	25.83333
793563	1	0.959	116.21333	25.83333	116.21494	25.82483
793562	1	0.326	116.21494	25.82483	116.21588	25.82203
793559	1	0.166	116.21588	25.82203	116.21681	25.8208
793557	1	0.217	116.21681	25.8208	116.21844	25.81952
793564	1	0.318	116.21844	25.81952	116.22089	25.81771
793553	1	0.601	116.22089	25.81771	116.22478	25.81361
793590	1	1.093	116.22478	25.81361	116.23221	25.80649
793589	1	0.035	116.23221	25.80649	116.23248	25.80629
793578	1	0.046	116.23248	25.80629	116.23283	25.80602
793555	1	0.894	116.23283	25.80602	116.23751	25.79945
793580	1	0.162	116.23751	25.79945	116.23756	25.79799
793579	1	3.128	116.23756	25.79799	116.25	25.77619
709655	1	2.372	116.25	25.77619	116.2725	25.77818
709653	1	0.286	116.2725	25.77818	116.27527	25.77873
689679	1	0.418	116.27527	25.77873	116.27924	25.77775
689677	1	1.548	116.27924	25.77775	116.29095	25.76875
708162	1	0.231	116.29095	25.76875	116.29243	25.76716
708160	1	0.456	116.29243	25.76716	116.29601	25.76466
708158	1	0.273	116.29601	25.76466	116.29852	25.76371
708157	1	2.533	116.29852	25.76371	116.32325	25.75989
708153	1	0.133	116.32325	25.75989	116.32458	25.75985
689707	1	0.415	116.32458	25.75985	116.32854	25.75877
689705	1	0.213	116.32854	25.75877	116.33062	25.75839
708149	1	1.596	116.33062	25.75839	116.34164	25.75
786181	1	1.362	116.34164	25.75	116.3423	25.73781
786200	1	0.153	116.3423	25.73781	116.34224	25.73643
786185	1	0.539	116.34224	25.73643	116.34262	25.73159
786187	1	0.238	116.34262	25.73159	116.34314	25.7295
786188	1	1.356	116.34314	25.7295	116.35149	25.72027
786179	1	1.372	116.35149	25.72027	116.36257	25.71365
786197	1	1.844	116.36257	25.71365	116.36774	25.69793
786198	1	0.114	116.36774	25.69793	116.36839	25.69709
786177	1	1.17	116.36839	25.69709	116.375	25.6884
797105	1	0.355	116.375	25.6884	116.3778	25.68649
798624	1	0.074	116.3778	25.68649	116.37848	25.68623
798621	1	0.022	116.37848	25.68623	116.37868	25.68616
798614	1	3.113	116.37868	25.68616	116.39939	25.66667
839497	1	1.567	116.39939	25.66667	116.40712	25.65467
839495	1	0.831	116.40712	25.65467	116.41273	25.6492
839489	1	0.325	116.41273	25.6492	116.41504	25.64715
840922	1	0.19	116.41504	25.64715	116.41637	25.64593
840920	1	0.168	116.41637	25.64593	116.41753	25.64484
839483	1	0.614	116.41753	25.64484	116.42103	25.6403
839481	1	1.095	116.42103	25.6403	116.42529	25.63126
839463	1	0.173	116.42529	25.63126	116.42583	25.62978
839459	1	4.415	116.42583	25.62978	116.44112	25.59439
839455	1	0.261	116.44112	25.59439	116.44218	25.59225
839451	1	1.114	116.44218	25.59225	116.44726	25.58333
577290	1	0.652	116.44726	25.58333	116.44979	25.57792
577285	1	0.035	116.44979	25.57792	116.44992	25.57763
575810	1	0.044	116.44992	25.57763	116.45009	25.57726
571394	1	1.204	116.45009	25.57726	116.45465	25.56722
575819	1	0.06	116.45465	25.56722	116.45488	25.56672
575813	1	0.695	116.45488	25.56672	116.45752	25.56093
571383	1	0.279	116.45752	25.56093	116.45856	25.5586
571369	1	2.85	116.45856	25.5586	116.47788	25.54126
571360	1	0.3	116.47788	25.54126	116.48013	25.53948
571352	1	1.089	116.48013	25.53948	116.48338	25.53069
571342	1	0.14	116.48338	25.53069	116.48378	25.52948
571330	1	1.759	116.48378	25.52948	116.48491	25.51403
571306	1	0.194	116.48491	25.51403	116.48484	25.51228
577302	1	0.1	116.48484	25.51228	116.48481	25.51138
577296	1	0.192	116.48481	25.51138	116.48476	25.50965
569874	1	0.427	116.48476	25.50965	116.48534	25.50585
569872	1	0.793	116.48534	25.50585	116.48976	25.5
854066	1	1.556	116.48976	25.5	116.49429	25.48806
854063	1	0.216	116.49429	25.48806	116.49271	25.48675
855571	1	0.648	116.49271	25.48675	116.48848	25.48251
855569	1	0.081	116.48848	25.48251	116.48825	25.48181
49383368	1	0.343	116.48825	25.48181	116.48826	25.47876
49383367	1	0.048	116.48826	25.47876	116.48838	25.47834
854057	1	1.092	116.48838	25.47834	116.4951	25.47069
49383364	1	0.338	116.4951	25.47069	116.49776	25.46883
49383363	1	0.018	116.49776	25.46883	116.49791	25.46874
854047	1	0.254	116.49791	25.46874	116.5	25.46746
950514	1	0.096	116.5	25.46746	116.50079	25.46698
950511	1	0.0040	116.50079	25.46698	116.50082	25.46696
949086	1	0.434	116.50082	25.46696	116.50406	25.46441
49383360	1	0.361	116.50406	25.46441	116.50611	25.46174
49383359	1	0.047	116.50611	25.46174	116.50637	25.46139
950500	1	0.916	116.50637	25.46139	116.50998	25.45385
950493	1	0.016	116.50998	25.45385	116.51002	25.45371
949093	1	0.313	116.51002	25.45371	116.51087	25.451
949089	1	0.029	116.51087	25.451	116.51096	25.45075
950544	1	1.342	116.51096	25.45075	116.5162	25.43966
950540	1	1.02	116.5162	25.43966	116.522	25.43212
950505	1	0.089	116.522	25.43212	116.5225	25.43146
950547	1	0.027	116.5225	25.43146	116.52266	25.43126
950551	1	0.517	116.52266	25.43126	116.52525	25.42724
950549	1	1.319	116.52525	25.42724	116.52932	25.41667
860582	1	1.779	116.52932	25.41667	116.54016	25.40538
860581	1	0.055	116.54016	25.40538	116.54059	25.40508
49383356	1	0.208	116.54059	25.40508	116.54231	25.40403
49383355	1	0.048	116.54231	25.40403	116.54271	25.4038
881360	1	0.397	116.54271	25.4038	116.54619	25.40211
49383352	1	0.058	116.54619	25.40211	116.54667	25.40182
49383351	1	0.039	116.54667	25.40182	116.54699	25.40162
881356	1	0.661	116.54699	25.40162	116.55188	25.39766
881371	1	0.228	116.55188	25.39766	116.55306	25.39591
881370	1	0.162	116.55306	25.39591	116.55385	25.39464
881367	1	0.324	116.55385	25.39464	116.55568	25.39226
49383348	1	0.58	116.55568	25.39226	116.56089	25.39021
49383347	1	0.416	116.56089	25.39021	116.56498	25.38963
881364	1	0.216	116.56498	25.38963	116.56709	25.38927
881363	1	0.256	116.56709	25.38927	116.56959	25.38883
882878	1	0.186	116.56959	25.38883	116.57139	25.38846
882877	1	0.053	116.57139	25.38846	116.57189	25.38832
49383346	1	0.015	116.57189	25.38832	116.57203	25.38827
49383345	1	0.0060	116.57203	25.38827	116.57209	25.38825
881353	1	0.748	116.57209	25.38825	116.57856	25.38495
12511818	1	0.296	116.57856	25.38495	116.58139	25.38421
12511817	1	0.086	116.58139	25.38421	116.58224	25.38411
881351	1	0.461	116.58224	25.38411	116.58681	25.38393
881349	1	0.268	116.58681	25.38393	116.58927	25.38304
881345	1	0.263	116.58927	25.38304	116.59129	25.38155
49383342	1	0.11	116.59129	25.38155	116.59207	25.38086
49383341	1	1.601	116.59207	25.38086	116.60668	25.37639
881343	1	0.387	116.60668	25.37639	116.60981	25.37441
14947553	1	0.974	116.60981	25.37441	116.61704	25.36904
14947552	1	0.131	116.61704	25.36904	116.6179	25.36815
882871	1	0.09	116.6179	25.36815	116.61854	25.36758
882873	1	0.177	116.61854	25.36758	116.61982	25.36648
882872	1	0.504	116.61982	25.36648	116.62339	25.36329
882844	1	0.169	116.62339	25.36329	116.62445	25.36211
882839	1	0.092	116.62445	25.36211	116.625	25.36145
1776661	1	0.075	116.625	25.36145	116.62542	25.36089
1776660	1	0.247	116.62542	25.36089	116.62669	25.35899
1776671	1	0.448	116.62669	25.35899	116.62838	25.35526
49383320	1	0.085	116.62838	25.35526	116.62863	25.35453
49383319	1	0.059	116.62863	25.35453	116.62881	25.35402
1775158	1	0.0050	116.62881	25.35402	116.62882	25.35398
1775156	1	0.348	116.62882	25.35398	116.62937	25.35088
12512195	1	0.191	116.62937	25.35088	116.62963	25.34918
12512197	1	0.0020	116.62963	25.34918	116.62963	25.34916
12512196	1	0.338	116.62963	25.34916	116.63085	25.34634
1776639	1	0.26	116.63085	25.34634	116.63231	25.34441
49383316	1	0.046	116.63231	25.34441	116.63257	25.34407
49383315	1	0.011	116.63257	25.34407	116.63263	25.34399
1775155	1	0.206	116.63263	25.34399	116.63383	25.34249
1776667	1	0.065	116.63383	25.34249	116.6342	25.34201
1776666	1	0.887	116.6342	25.34201	116.63854	25.3351
1775148	1	0.201	116.63854	25.3351	116.63895	25.33333
907281	1	0.096	116.63895	25.33333	116.63913	25.33248
907280	1	0.073	116.63913	25.33248	116.63926	25.33183
907240	1	0.1	116.63926	25.33183	116.63944	25.33094
907239	1	0.224	116.63944	25.33094	116.6398	25.32895
907238	1	3.049	116.6398	25.32895	116.641	25.30212
907226	1	0.47	116.641	25.30212	116.64439	25.29925
907225	1	0.403	116.64439	25.29925	116.64752	25.29702
907222	1	0.379	116.64752	25.29702	116.64959	25.29417
907220	1	0.239	116.64959	25.29417	116.65085	25.29234
907218	1	0.769	116.65085	25.29234	116.65458	25.28631
907271	1	0.918	116.65458	25.28631	116.65639	25.27823
907270	1	0.018	116.65639	25.27823	116.65645	25.27808
49383312	1	0.019	116.65645	25.27808	116.65651	25.27792
49383311	1	0.012	116.65651	25.27792	116.65655	25.27782
907243	1	0.379	116.65655	25.27782	116.65837	25.27485
907242	1	0.277	116.65837	25.27485	116.66024	25.27302
49383308	1	0.37	116.66024	25.27302	116.66279	25.27063
49383307	1	0.147	116.66279	25.27063	116.66401	25.26991
907228	1	0.395	116.66401	25.26991	116.66776	25.26898
907267	1	0.393	116.66776	25.26898	116.67163	25.26943
907266	1	0.038	116.67163	25.26943	116.672	25.2695
907257	1	0.045	116.672	25.2695	116.67244	25.26957
907214	1	0.832	116.67244	25.26957	116.68063	25.26951
929564	1	0.794	116.68063	25.26951	116.68766	25.26633
929560	1	0.677	116.68766	25.26633	116.69338	25.26312
907265	1	0.404	116.69338	25.26312	116.69635	25.2607
907264	1	0.0060	116.69635	25.2607	116.69639	25.26066
49383304	1	0.224	116.69639	25.26066	116.69766	25.25901
49383303	1	0.037	116.69766	25.25901	116.69785	25.25872
929556	1	1.02	116.69785	25.25872	116.70103	25.25
1241428	1	1.126	116.70103	25.25	116.70415	25.24027
1241423	1	0.15	116.70415	25.24027	116.70424	25.23892
1243023	1	0.061	116.70424	25.23892	116.70424	25.23837
1243021	1	0.024	116.70424	25.23837	116.70422	25.23815
1242995	1	0.377	116.70422	25.23815	116.70376	25.23478
1241415	1	0.279	116.70376	25.23478	116.70334	25.23229
1241409	1	0.645	116.70334	25.23229	116.70333	25.22651
1243027	1	0.422	116.70333	25.22651	116.70449	25.22286
1243025	1	0.037	116.70449	25.22286	116.70468	25.22257
1241401	1	0.123	116.70468	25.22257	116.7053	25.22161
1241393	1	0.251	116.7053	25.22161	116.70653	25.21964
85385125	1	3.036	116.70653	25.21964	116.72192	25.19699
85385124	1	0.093	116.72192	25.19699	116.72262	25.19645
85385147	1	0.057	116.72262	25.19645	116.72305	25.19612
87967494	1	0.075	116.72305	25.19612	116.72362	25.19568
87967493	1	0.508	116.72362	25.19568	116.72745	25.1927
85384870	1	0.22	116.72745	25.1927	116.72917	25.19148
85384875	1	0.242	116.72917	25.19148	116.73129	25.19045
85384874	1	0.416	116.73129	25.19045	116.73529	25.1896
1241353	1	0.332	116.73529	25.1896	116.73856	25.18921
1241351	1	0.711	116.73856	25.18921	116.74523	25.18715
1241344	1	0.096	116.74523	25.18715	116.74611	25.18681
1244560	1	0.32	116.74611	25.18681	116.74909	25.18582
1244559	1	0.084	116.74909	25.18582	116.74991	25.18571
1241339	1	0.0090	116.74991	25.18571	116.75	25.1857
1548877	1	0.021	116.75	25.1857	116.75021	25.1857
1548876	1	2.374	116.75021	25.1857	116.77222	25.18085
1548867	1	0.131	116.77222	25.18085	116.77345	25.18122
1548870	1	0.025	116.77345	25.18122	116.77369	25.18129
1550392	1	0.309	116.77369	25.18129	116.77654	25.18232
1550391	1	0.159	116.77654	25.18232	116.77802	25.18282
1548872	1	0.046	116.77802	25.18282	116.77847	25.18291
49430109	1	0.122	116.77847	25.18291	116.77968	25.18301
49430113	1	0.441	116.77968	25.18301	116.78406	25.1828
49430112	1	0.043	116.78406	25.1828	116.78449	25.18277
49383296	1	0.05	116.78449	25.18277	116.78499	25.18274
49383295	1	0.022	116.78499	25.18274	116.78521	25.18273
1548852	1	0.495	116.78521	25.18273	116.79011	25.18241
1550380	1	0.124	116.79011	25.18241	116.79134	25.18233
1550379	1	0.136	116.79134	25.18233	116.79269	25.18226
1550369	1	0.324	116.79269	25.18226	116.7959	25.18232
1550375	1	1.976	116.7959	25.18232	116.81387	25.17604
1550374	1	0.031	116.81387	25.17604	116.81416	25.17596
49383292	1	0.239	116.81416	25.17596	116.81647	25.17546
49383291	1	0.045	116.81647	25.17546	116.81691	25.17538
1550362	1	1.149	116.81691	25.17538	116.8283	25.17494
1550361	1	1.201	116.8283	25.17494	116.84019	25.17432
1550364	1	0.115	116.84019	25.17432	116.84129	25.17403
1550373	1	0.076	116.84129	25.17403	116.84201	25.17384
49383288	1	0.159	116.84201	25.17384	116.84352	25.17342
49383287	1	0.11	116.84352	25.17342	116.84452	25.17303
1548849	1	0.393	116.84452	25.17303	116.8477	25.17098
1548848	1	0.0040	116.8477	25.17098	116.84773	25.17096
1550371	1	0.324	116.84773	25.17096	116.85025	25.16915
1550370	1	0.046	116.85025	25.16915	116.85061	25.1689
1550366	1	0.148	116.85061	25.1689	116.85181	25.16813
1550365	1	0.396	116.85181	25.16813	116.85537	25.16667
1374717	1	0.027	116.85537	25.16667	116.85563	25.16661
1374720	1	0.235	116.85563	25.16661	116.85792	25.16623
1374721	1	0.174	116.85792	25.16623	116.85962	25.16598
1374715	1	0.185	116.85962	25.16598	116.86143	25.16573
1374716	1	0.119	116.86143	25.16573	116.86261	25.16567
1374712	1	0.309	116.86261	25.16567	116.86543	25.16667
1548842	1	0.01	116.86543	25.16667	116.86551	25.16673
1548843	1	0.898	116.86551	25.16673	116.87408	25.16777
1548839	1	0.093	116.87408	25.16777	116.875	25.16777
737466	1	0.175	116.875	25.16777	116.87672	25.16755
737467	1	0.25	116.87672	25.16755	116.87899	25.16667
1260666	1	0.046	116.87899	25.16667	116.87937	25.16644
1260669	1	0.26	116.87937	25.16644	116.88123	25.16483
1260668	1	0.257	116.88123	25.16483	116.88251	25.16283
1260665	1	0.208	116.88251	25.16283	116.88364	25.16127
1265363	1	0.536	116.88364	25.16127	116.88835	25.15937
49383284	1	0.384	116.88835	25.15937	116.89217	25.15938
49383283	1	0.037	116.89217	25.15938	116.89254	25.15938
1259203	1	0.464	116.89254	25.15938	116.89712	25.15911
1260660	1	1.028	116.89712	25.15911	116.90517	25.15388
1260663	1	0.379	116.90517	25.15388	116.9068	25.1508
1265359	1	0.332	116.9068	25.1508	116.90818	25.14808
1265358	1	0.022	116.90818	25.14808	116.90827	25.1479
1262276	1	0.058	116.90827	25.1479	116.90852	25.14743
1259201	1	2.309	116.90852	25.14743	116.91795	25.12846
1262277	1	0.156	116.91795	25.12846	116.91858	25.12718
1265355	1	2.134	116.91858	25.12718	116.93128	25.11207
1265354	1	0.349	116.93128	25.11207	116.93396	25.11008
1265353	1	0.477	116.93396	25.11008	116.93763	25.10736
1265352	1	0.03	116.93763	25.10736	116.93786	25.10719
1262290	1	0.2	116.93786	25.10719	116.93937	25.10602
1260710	1	0.103	116.93937	25.10602	116.94012	25.10539
1265365	1	0.109	116.94012	25.10539	116.94099	25.10481
1265364	1	0.129	116.94099	25.10481	116.94204	25.10414
1260676	1	0.355	116.94204	25.10414	116.94502	25.10244
1260675	1	0.077	116.94502	25.10244	116.94571	25.10215
1266931	1	0.78	116.94571	25.10215	116.95308	25.1
14947455	1	0.041	116.95308	25.1	116.95346	25.09986
14947454	1	0.077	116.95346	25.09986	116.95415	25.09957
1266930	1	0.035	116.95415	25.09957	116.95446	25.09943
49383278	1	0.062	116.95446	25.09943	116.95499	25.09915
87967430	1	0.047	116.95499	25.09915	116.95539	25.09893
87967429	1	0.899	116.95539	25.09893	116.96251	25.09407
12544165	1	0.256	116.96251	25.09407	116.96495	25.09345
1266932	1	0.061	116.96495	25.09345	116.96555	25.09341
1266919	1	0.062	116.96555	25.09341	116.96616	25.09341
1259199	1	0.335	116.96616	25.09341	116.96948	25.09357
14666813	1	0.325	116.96948	25.09357	116.9727	25.09376
14666814	1	0.026	116.9727	25.09376	116.97296	25.09378
49383269	1	0.109	116.97296	25.09378	116.97404	25.09388
49383270	1	0.017	116.97404	25.09388	116.97421	25.0939
1253106	1	0.65	116.97421	25.0939	116.98062	25.09449
1262282	1	0.176	116.98062	25.09449	116.98236	25.09466
1262283	1	1.79	116.98236	25.09466	117.0	25.09505
1567567	1	1.702	117.0	25.09505	117.00843	25.08333
14947431	1	3.675	117.00843	25.08333	117.01578	25.05282
14947430	1	0.1	117.01578	25.05282	117.01669	25.05245
1435384	1	0.17	117.01669	25.05245	117.01825	25.05186
1435378	1	0.028	117.01825	25.05186	117.01851	25.05177
1435379	1	0.113	117.01851	25.05177	117.01955	25.05138
1435366	1	3.577	117.02124	25.05076	117.04866	25.0318
1435367	1	0.016	117.04866	25.0318	117.04874	25.03168
1427904	1	0.237	117.04874	25.03168	117.0501	25.02994
49383259	1	0.024	117.0501	25.02994	117.05025	25.02977
49383260	1	0.045	117.05025	25.02977	117.05053	25.02946
1373805	1	0.997	117.05053	25.02946	117.05765	25.02326
1435380	1	0.39	117.05765	25.02326	117.06134	25.02275
1435381	1	0.018	117.06134	25.02275	117.06151	25.02279
1435364	1	0.637	117.06151	25.02279	117.06692	25.02167
1435365	1	2.505	117.06692	25.02167	117.07319	25.0
85827201	1	0.016	117.07319	25.0	117.0732	24.99986
85827202	1	1.829	117.0732	24.99986	117.07518	24.98416
1189620	1	0.319	117.07518	24.98416	117.07736	24.98215
49383253	1	0.034	117.07736	24.98215	117.07767	24.98204
49383254	1	0.028	117.07767	24.98204	117.07794	24.98197
1188091	1	0.693	117.07794	24.98197	117.08458	24.98037
1189617	1	0.077	117.08458	24.98037	117.08533	24.98023
1189618	1	0.892	117.08533	24.98023	117.09386	24.97815
1189645	1	1.169	117.09386	24.97815	117.10057	24.96991
1189648	1	0.021	117.10057	24.96991	117.10075	24.96982
49383249	1	0.095	117.10075	24.96982	117.10158	24.96941
49383250	1	0.062	117.10158	24.96941	117.10212	24.96915
1188097	1	1.08	117.10212	24.96915	117.11148	24.96443
1188128	1	0.167	117.11148	24.96443	117.11292	24.96368
1188130	1	0.059	117.11292	24.96368	117.11343	24.96342
1189596	1	0.098	117.11343	24.96342	117.11428	24.963
1189599	1	0.129	117.11428	24.963	117.11539	24.96242
1189665	1	0.049	117.11539	24.96242	117.11579	24.96217
1189667	1	0.269	117.11579	24.96217	117.11702	24.96009
1188106	1	0.534	117.11702	24.96009	117.11602	24.95539
1189657	1	0.285	117.11602	24.95539	117.11613	24.95283
1189659	1	0.133	117.11613	24.95283	117.11626	24.95164
1188118	1	0.084	117.11626	24.95164	117.11634	24.95089
1189603	1	0.225	117.11634	24.95089	117.11657	24.94887
1189653	1	2.611	117.11657	24.94887	117.12483	24.92724
1189655	1	0.037	117.12483	24.92724	117.125	24.92694
49383231	1	0.085	117.125	24.92694	117.12544	24.92629
49383232	1	0.092	117.12544	24.92629	117.12608	24.9257
1119773	1	0.016	117.12608	24.9257	117.12621	24.92561
1119769	1	0.079	117.12621	24.92561	117.12686	24.92521
1119764	1	2.673	117.12686	24.92521	117.15237	24.9188
1119767	1	0.347	117.15237	24.9188	117.1557	24.91804
1119766	1	0.349	117.1557	24.91804	117.15879	24.91667
764989	1	0.673	117.15879	24.91667	117.16341	24.91233
765004	1	0.341	117.16341	24.91233	117.1667	24.91177
49383227	1	0.029	117.1667	24.91177	117.16699	24.91175
49383228	1	0.011	117.16699	24.91175	117.1671	24.91174
763468	1	0.048	117.1671	24.91174	117.16758	24.91173
763438	1	0.368	117.16758	24.91173	117.1712	24.91139
765027	1	0.091	117.1712	24.91139	117.17206	24.91115
765030	1	0.23	117.17206	24.91115	117.17404	24.91015
49383223	1	0.291	117.17404	24.91015	117.17601	24.90824
49383224	1	0.035	117.17601	24.90824	117.17623	24.908
763440	1	0.239	117.17623	24.908	117.17773	24.90633
765024	1	0.084	117.17773	24.90633	117.17826	24.90575
765025	1	0.158	117.17826	24.90575	117.17923	24.90463
765020	1	0.297	117.17923	24.90463	117.18068	24.90233
765021	1	0.128	117.18068	24.90233	117.18097	24.90121
765052	1	0.175	117.18097	24.90121	117.1813	24.89966
765059	1	0.284	117.1813	24.89966	117.18248	24.89743
765060	1	0.657	117.18248	24.89743	117.18661	24.90009
765050	1	0.084	117.18661	24.90009	117.1867	24.90084
765051	1	0.146	117.1867	24.90084	117.18707	24.9021
765016	1	0.687	117.18707	24.9021	117.19329	24.90285
49383235	1	0.278	117.19329	24.90285	117.19578	24.90177
49383236	1	0.057	117.19578	24.90177	117.19629	24.90154
765002	1	0.045	117.19629	24.90154	117.19669	24.90136
764997	1	0.382	117.19669	24.90136	117.20012	24.8999
764996	1	0.558	117.20012	24.8999	117.20513	24.89777
765054	1	0.043	117.20513	24.89777	117.20551	24.89759
12511751	1	0.088	117.20551	24.89759	117.20629	24.89723
12511752	1	0.055	117.20629	24.89723	117.20677	24.89699
765044	1	1.753	117.20677	24.89699	117.21844	24.88566
14666804	1	0.315	117.21844	24.88566	117.21886	24.88286
14666805	1	0.302	117.21886	24.88286	117.22015	24.88046
14666803	1	0.304	117.22015	24.88046	117.22163	24.87814
14666801	1	1.049	117.22163	24.87814	117.22134	24.86909
764995	1	0.154	117.22134	24.86909	117.22229	24.86801
765058	1	0.23	117.22229	24.86801	117.22414	24.86682
765012	1	0.017	117.22414	24.86682	117.22429	24.86676
765013	1	0.04	117.22429	24.86676	117.22465	24.8666
765008	1	0.337	117.22465	24.8666	117.22787	24.86581
765009	1	0.68	117.22787	24.86581	117.23433	24.8641
765038	1	0.386	117.23433	24.8641	117.23776	24.86257
765039	1	0.023	117.23776	24.86257	117.23795	24.86246
763465	1	0.066	117.23795	24.86246	117.23851	24.86216
763449	1	0.982	117.23851	24.86216	117.2469	24.85769
763450	1	0.411	117.2469	24.85769	117.25	24.8553
754446	1	2.453	117.25	24.8553	117.2668	24.83978
754447	1	0.011	117.2668	24.83978	117.26686	24.8397
754443	1	0.116	117.26686	24.8397	117.26752	24.83885
754426	1	0.562	117.26752	24.83885	117.27113	24.83503
754444	1	0.265	117.27113	24.83503	117.27329	24.83367
754445	1	0.027	117.27329	24.83367	117.2735	24.83352
14666794	1	0.031	117.2735	24.83352	117.27374	24.83335
14666795	1	0.0040	117.27374	24.83335	117.27377	24.83333
639917	1	0.019	117.27377	24.83333	117.27392	24.83322
639918	1	0.305	117.27392	24.83322	117.27597	24.83122
639920	1	0.204	117.27597	24.83122	117.27697	24.82963
639871	1	0.326	117.27697	24.82963	117.27838	24.82699
639867	1	0.032	117.27838	24.82699	117.27852	24.82673
639869	1	0.196	117.27852	24.82673	117.27937	24.82514
641401	1	0.12	117.27937	24.82514	117.27994	24.82419
641435	1	0.385	117.27994	24.82419	117.28203	24.82129
641436	1	0.017	117.28203	24.82129	117.28214	24.82118
14666790	1	0.038	117.28214	24.82118	117.28237	24.82091
14666791	1	0.031	117.28237	24.82091	117.28257	24.8207
639873	1	1.197	117.28257	24.8207	117.29064	24.8128
641388	1	0.216	117.29064	24.8128	117.29214	24.81142
641409	1	1.113	117.29214	24.81142	117.29787	24.80301
641410	1	0.265	117.29787	24.80301	117.29842	24.80068
641411	1	0.352	117.29842	24.80068	117.29879	24.79753
641407	1	0.23	117.29879	24.79753	117.29901	24.79547
641408	1	1.536	117.29901	24.79547	117.30484	24.78315
641403	1	0.476	117.30484	24.78315	117.30878	24.78082
641404	1	0.152	117.30878	24.78082	117.3101	24.78017
639902	1	0.082	117.3101	24.78017	117.31082	24.77982
641439	1	0.503	117.31082	24.77982	117.31519	24.77766
641440	1	0.239	117.31519	24.77766	117.31726	24.77662
639903	1	0.045	117.31726	24.77662	117.31765	24.77643
639904	1	1.362	117.31765	24.77643	117.3293	24.77029
641385	1	0.095	117.3293	24.77029	117.33004	24.76976
87788503	1	0.034	117.33004	24.76976	117.3303	24.76956
87788504	1	0.524	117.3303	24.76956	117.33406	24.76631
641437	1	0.211	117.33406	24.76631	117.33548	24.76491
641438	1	0.137	117.33548	24.76491	117.33639	24.764
639907	1	0.198	117.33639	24.764	117.33778	24.76274
641423	1	0.125	117.33778	24.76274	117.33871	24.762
641424	1	2.12	117.33871	24.762	117.35422	24.75
742855	1	1.381	117.35422	24.75	117.35941	24.73882
14666789	1	0.034	117.35941	24.73882	117.35966	24.73861
14666788	1	0.04	117.35966	24.73861	117.35997	24.73838
742821	1	1.613	117.35997	24.73838	117.375	24.73404
865856	1	0.949	117.375	24.73404	117.38419	24.73232
871772	1	0.027	117.38419	24.73232	117.38445	24.73225
871773	1	9.883	117.38445	24.73225	117.44442	24.66667
669736	1	0.592	117.44442	24.66667	117.44851	24.66292
669738	1	0.216	117.44851	24.66292	117.4496	24.66125
669740	1	0.369	117.4496	24.66125	117.45146	24.65839
669743	1	0.283	117.45146	24.65839	117.45288	24.6562
669744	1	0.35	117.45288	24.6562	117.45475	24.65355
671251	1	0.358	117.45475	24.65355	117.45733	24.65136
671247	1	0.066	117.45733	24.65136	117.45788	24.65104
671248	1	0.176	117.45788	24.65104	117.45943	24.65033
669760	1	0.725	117.45943	24.65033	117.46645	24.64915
669761	1	2.817	117.46645	24.64915	117.49244	24.6414
669759	1	0.018	117.49244	24.6414	117.49261	24.64134
14666782	1	0.039	117.49261	24.64134	117.49298	24.64124
14666783	1	0.071	117.49298	24.64124	117.49366	24.64109
669681	1	0.653	117.49366	24.64109	117.5	24.63999
734749	1	0.174	117.5	24.63999	117.50169	24.63971
734746	1	0.086	117.50169	24.63971	117.50253	24.63957
733233	1	6.334	117.50253	24.63957	117.56238	24.62373
731638	1	0.116	117.56238	24.62373	117.5635	24.6235
736303	1	0.462	117.5635	24.6235	117.56795	24.62259
736304	1	0.081	117.56795	24.62259	117.56873	24.62243
731640	1	0.06	117.56873	24.62243	117.56931	24.62232
736296	1	0.07	117.56931	24.62232	117.56998	24.62218
14943356	1	0.635	117.56998	24.62218	117.57603	24.62063
14943385	1	0.347	117.57603	24.62063	117.57926	24.61957
14943386	1	0.462	117.57926	24.61957	117.58345	24.6179
14943389	1	0.226	117.58345	24.6179	117.58545	24.61698
14943390	1	0.392	117.58545	24.61698	117.58889	24.61535
14943393	1	0.254	117.58889	24.61535	117.59111	24.61428
14943394	1	3.304	117.59111	24.61428	117.61647	24.59596
12472708	1	0.927	117.61647	24.59596	117.62363	24.59075
733234	1	0.146	117.62363	24.59075	117.62477	24.58995
734681	1	0.029	117.62477	24.58995	117.625	24.5898
715671	1	0.209	117.625	24.5898	117.62667	24.58869
715672	1	0.042	117.62667	24.58869	117.62702	24.58848
715605	1	0.171	117.62702	24.58848	117.62843	24.58763
715667	1	0.098	117.62843	24.58763	117.62925	24.58716
715668	1	0.071	117.62925	24.58716	117.62985	24.58682
715601	1	0.808	117.62985	24.58682	117.63686	24.58333
643086	1	5.272	117.63686	24.58333	117.68341	24.56402
643087	1	0.963	117.68341	24.56402	117.69243	24.56137
655286	1	1.056	117.69243	24.56137	117.70182	24.55737
655284	1	1.764	117.70182	24.55737	117.71579	24.5479
656859	1	0.073	117.71579	24.5479	117.71631	24.54745
778910	1	0.396	117.71631	24.54745	117.71917	24.54502
778911	1	0.257	117.71917	24.54502	117.72104	24.54346
656844	1	0.055	117.72104	24.54346	117.72143	24.54312
778895	1	0.041	117.72143	24.54312	117.72173	24.54287
778896	1	2.108	117.72173	24.54287	117.73596	24.5291
778915	1	0.235	117.73596	24.5291	117.73794	24.52799
778916	1	0.08	117.73794	24.52799	117.73861	24.52761
778892	1	0.156	117.73861	24.52761	117.73993	24.52689
778893	1	1.602	117.73993	24.52689	117.75	24.51608
757640	1	1.437	117.75	24.51608	117.76025	24.50739
14666717	1	0.051	117.76025	24.50739	117.76053	24.50701
14666716	1	0.749	117.76053	24.50701	117.76481	24.50151
757630	1	0.228	117.76481	24.50151	117.76634	24.5
649526	1	0.255	117.76634	24.5	117.76822	24.49847
654070	1	0.374	117.76822	24.49847	117.7713	24.49662
658829	1	0.865	117.7713	24.49662	117.77887	24.49301
658844	1	0.094	117.77887	24.49301	117.7797	24.49263
658843	1	0.174	117.7797	24.49263	117.78124	24.49193
647946	1	0.221	117.78124	24.49193	117.78316	24.49099
647947	0	0.232	117.78334	24.49109	117.7813	24.49204
654059	0	0.46	117.7813	24.49204	117.77724	24.4939
654071	0	0.67	117.77724	24.4939	117.77139	24.49671
654072	0	0.375	117.77139	24.49671	117.76835	24.49863
649525	0	0.219	117.76835	24.49863	117.7668	24.5
14666712	0	0.121	117.7668	24.5	117.76608	24.50087
14666714	0	0.079	117.76608	24.50087	117.76562	24.50145
14666715	0	0.051	117.76562	24.50145	117.76533	24.50183
759163	0	0.891	117.76533	24.50183	117.76025	24.50839
757639	0	1.366	117.76025	24.50839	117.75	24.51624
655275	0	1.743	117.75	24.51624	117.73872	24.52769
778918	0	0.229	117.73872	24.52769	117.73679	24.52877
778917	0	0.086	117.73679	24.52877	117.73607	24.52918
643075	0	0.177	117.73607	24.52918	117.73464	24.53009
778894	0	1.971	117.73464	24.53009	117.72157	24.5432
656858	0	0.057	117.72157	24.5432	117.72115	24.54354
656857	0	0.654	117.72115	24.54354	117.71641	24.54754
656845	0	0.069	117.71641	24.54754	117.71592	24.54797
778905	0	0.039	117.71592	24.54797	117.71563	24.5482
778904	0	1.731	117.71563	24.5482	117.7019	24.55747
655285	0	1.062	117.7019	24.55747	117.69246	24.56148
643089	0	0.946	117.69246	24.56148	117.68359	24.56407
643088	0	5.26	117.68359	24.56407	117.63714	24.58333
715596	0	0.83	117.63714	24.58333	117.62994	24.58691
714036	0	0.082	117.62994	24.58691	117.62925	24.5873
87967349	0	0.055	117.62925	24.5873	117.62879	24.58756
87967350	0	0.031	117.62879	24.58756	117.62853	24.58771
715674	0	0.083	117.62853	24.58771	117.62784	24.58812
715676	0	0.086	117.62784	24.58812	117.62713	24.58855
715670	0	0.204	117.62713	24.58855	117.62549	24.58962
715669	0	0.062	117.62549	24.58962	117.625	24.58995
731649	0	0.161	117.625	24.58995	117.62374	24.59083
12472710	0	0.895	117.62374	24.59083	117.61682	24.59585
14943348	0	3.342	117.61682	24.59585	117.59117	24.61439
14943392	0	0.253	117.59117	24.61439	117.58895	24.61545
14943391	0	0.39	117.58895	24.61545	117.58553	24.61708
14943388	0	0.226	117.58553	24.61708	117.58354	24.618
14943387	0	0.466	117.58354	24.618	117.57931	24.61967
14943384	0	0.351	117.57931	24.61967	117.57605	24.62075
14943383	0	0.701	117.57605	24.62075	117.56936	24.62242
731644	0	0.06	117.56936	24.62242	117.56878	24.62254
731642	0	0.542	117.56878	24.62254	117.56355	24.62361
731646	0	0.117	117.56355	24.62361	117.56242	24.62384
736299	0	0.051	117.56242	24.62384	117.56193	24.62393
736298	0	6.288	117.56193	24.62393	117.50264	24.64006
14666781	0	0.043	117.50264	24.64006	117.50222	24.64014
14666780	0	0.046	117.50222	24.64014	117.50177	24.64022
734748	0	0.0060	117.50177	24.64022	117.50171	24.64023
734747	0	0.176	117.50171	24.64023	117.5	24.64053
669680	0	0.665	117.5	24.64053	117.49354	24.64163
669733	0	0.028	117.49354	24.64163	117.49327	24.64168
14947565	0	3.301	117.49327	24.64168	117.46239	24.64971
14947564	0	0.308	117.46239	24.64971	117.45946	24.65045
671250	0	0.136	117.45946	24.65045	117.45825	24.65098
671249	0	0.097	117.45825	24.65098	117.45744	24.65144
669764	0	0.149	117.45744	24.65144	117.45628	24.65227
671252	0	0.206	117.45628	24.65227	117.45488	24.65361
669742	0	0.35	117.45488	24.65361	117.453	24.65625
669741	0	0.283	117.453	24.65625	117.45159	24.65845
669739	0	0.367	117.45159	24.65845	117.44974	24.66129
669737	0	0.22	117.44974	24.66129	117.44862	24.66299
669735	0	0.578	117.44862	24.66299	117.44464	24.66667
14666785	0	9.832	117.44464	24.66667	117.38541	24.73246
14666787	0	0.071	117.38541	24.73246	117.38475	24.73269
14666786	0	0.034	117.38475	24.73269	117.38443	24.73279
871774	0	0.023	117.38443	24.73279	117.38422	24.73286
865858	0	0.044	117.38422	24.73286	117.38381	24.73298
865855	0	0.912	117.38381	24.73298	117.375	24.73471
742820	0	1.555	117.375	24.73471	117.36031	24.73849
742856	0	0.027	117.36031	24.73849	117.3601	24.73864
742857	0	1.432	117.3601	24.73864	117.35436	24.75
639914	0	2.251	117.35436	24.75	117.33791	24.7628
639908	0	0.198	117.33791	24.7628	117.33652	24.76406
641394	0	0.348	117.33652	24.76406	117.33419	24.76637
641428	0	0.195	117.33419	24.76637	117.33286	24.76764
641427	0	0.461	117.33286	24.76764	117.32941	24.77036
639909	0	1.364	117.32941	24.77036	117.31775	24.77652
639905	0	0.045	117.31775	24.77652	117.31736	24.77671
641442	0	0.624	117.31736	24.77671	117.31194	24.7794
641441	0	0.118	117.31194	24.7794	117.31091	24.7799
639906	0	0.082	117.31091	24.7799	117.3102	24.78026
641432	0	0.061	117.3102	24.78026	117.30967	24.78052
641431	0	0.1	117.30967	24.78052	117.3088	24.78095
641402	0	0.47	117.3088	24.78095	117.30491	24.78326
641406	0	1.521	117.30491	24.78326	117.29915	24.79547
641405	0	0.231	117.29915	24.79547	117.29892	24.79754
641413	0	0.349	117.29892	24.79754	117.29856	24.80067
641412	0	0.268	117.29856	24.80067	117.29807	24.80304
641434	0	1.071	117.29807	24.80304	117.29312	24.81152
641433	0	0.0070	117.29312	24.81152	117.29308	24.81157
641397	0	0.042	117.29308	24.81157	117.29282	24.81187
639872	0	1.457	117.29282	24.81187	117.28268	24.82117
14666793	0	0.492	117.28268	24.82117	117.27981	24.82472
14666792	0	0.03	117.27981	24.82472	117.27968	24.82496
641399	0	0.036	117.27968	24.82496	117.27951	24.82525
639868	0	0.202	117.27951	24.82525	117.27864	24.82689
639866	0	0.042	117.27864	24.82689	117.27847	24.82724
639870	0	0.28	117.27847	24.82724	117.27725	24.82951
639919	0	0.233	117.27725	24.82951	117.27617	24.83136
639916	0	0.284	117.27617	24.83136	117.2743	24.83326
639915	0	0.013	117.2743	24.83326	117.2742	24.83333
754440	0	0.043	117.2742	24.83333	117.27388	24.83358
754442	0	0.282	117.27388	24.83358	117.27159	24.83504
754441	0	0.056	117.27159	24.83504	117.27114	24.83534
754438	0	0.556	117.27114	24.83534	117.26762	24.83916
754434	0	2.597	117.26762	24.83916	117.25	24.85576
764999	0	0.513	117.25	24.85576	117.24622	24.85883
14666797	0	0.037	117.24622	24.85883	117.24592	24.85902
14666796	0	0.03	117.24592	24.85902	117.24568	24.85918
763448	0	0.87	117.24568	24.85918	117.23807	24.86284
763466	0	0.032	117.23807	24.86284	117.23779	24.86297
763467	0	0.375	117.23779	24.86297	117.23439	24.86433
14666799	0	0.217	117.23439	24.86433	117.23233	24.86489
14666798	0	0.462	117.23233	24.86489	117.22789	24.86593
765006	0	0.331	117.22789	24.86593	117.22473	24.8667
765011	0	0.041	117.22473	24.8667	117.22436	24.86685
765010	0	0.014	117.22436	24.86685	117.22424	24.86691
765057	0	0.225	117.22424	24.86691	117.22242	24.86807
763471	0	0.153	117.22242	24.86807	117.22147	24.86914
14666809	0	2.877	117.22147	24.86914	117.21328	24.89214
14666808	0	1.007	117.21328	24.89214	117.20563	24.8979
765046	0	0.011	117.20563	24.8979	117.20553	24.89794
14666810	0	0.071	117.20553	24.89794	117.2049	24.89823
763494	0	0.497	117.2049	24.89823	117.20055	24.90033
763493	0	0.169	117.20055	24.90033	117.19908	24.90106
765001	0	0.101	117.19908	24.90106	117.19819	24.90147
765049	0	0.018	117.19819	24.90147	117.19803	24.90155
765048	0	0.502	117.19803	24.90155	117.19345	24.90325
765015	0	0.712	117.19345	24.90325	117.18694	24.90215
765017	0	0.233	117.18694	24.90215	117.18647	24.90011
765018	0	1.077	117.18647	24.90011	117.18106	24.90122
765019	0	0.129	117.18106	24.90122	117.18079	24.90236
765023	0	0.459	117.18079	24.90236	117.17833	24.9058
765022	0	0.079	117.17833	24.9058	117.17783	24.90635
49383222	0	0.011	117.17783	24.90635	117.17776	24.90642
49383221	0	0.018	117.17776	24.90642	117.17765	24.90655
763439	0	0.215	117.17765	24.90655	117.17632	24.90806
765029	0	0.33	117.17632	24.90806	117.17417	24.91029
765028	0	0.24	117.17417	24.91029	117.17212	24.91136
49383226	0	0.061	117.17212	24.91136	117.17154	24.9115
49383225	0	0.06	117.17154	24.9115	117.17096	24.91161
763437	0	0.367	117.17096	24.91161	117.16734	24.9119
763469	0	0.02	117.16734	24.9119	117.16714	24.91191
763470	0	0.376	117.16714	24.91191	117.16351	24.91247
764990	0	0.653	117.16351	24.91247	117.15902	24.91667
1119770	0	0.644	117.15902	24.91667	117.15329	24.9191
49383229	0	0.039	117.15329	24.9191	117.15292	24.91919
49383230	0	0.037	117.15292	24.91919	117.15257	24.91928
1119763	0	2.681	117.15257	24.91928	117.12697	24.92569
1119768	0	0.282	117.12697	24.92569	117.125	24.92742
1189633	0	1.023	117.125	24.92742	117.12267	24.93638
12511754	0	0.828	117.12267	24.93638	117.11897	24.94279
12511753	0	0.97	117.11897	24.94279	117.11648	24.9509
1188120	0	0.084	117.11648	24.9509	117.1164	24.95165
1189663	0	0.293	117.1164	24.95165	117.11613	24.95428
1189661	0	0.11	117.11613	24.95428	117.11615	24.95527
1188124	0	0.549	117.11615	24.95527	117.11731	24.96009
1188122	0	0.348	117.11731	24.96009	117.11571	24.96272
1189670	0	0.172	117.11571	24.96272	117.11422	24.96348
1189669	0	0.052	117.11422	24.96348	117.11377	24.96371
1188126	0	0.061	117.11377	24.96371	117.11324	24.96397
49383248	0	0.042	117.11324	24.96397	117.11288	24.96416
49383247	0	0.03	117.11288	24.96416	117.11262	24.96429
1189641	0	0.03	117.11262	24.96429	117.11236	24.96442
1189606	0	0.123	117.11236	24.96442	117.11129	24.96496
1188095	0	1.006	117.11129	24.96496	117.10262	24.96943
1189608	0	0.085	117.10262	24.96943	117.10189	24.96981
1189651	0	0.527	117.10189	24.96981	117.09843	24.97309
1189649	0	0.738	117.09843	24.97309	117.0944	24.97858
49383252	0	1.294	117.0944	24.97858	117.08415	24.98414
14666812	0	0.059	117.08415	24.98414	117.08356	24.98415
14666811	0	0.048	117.08356	24.98415	117.08308	24.98415
1189612	0	0.063	117.08308	24.98415	117.08246	24.98416
1188093	0	0.371	117.08246	24.98416	117.07878	24.98425
1189626	0	0.239	117.07878	24.98425	117.07641	24.98435
1189624	0	0.083	117.07641	24.98435	117.07561	24.98453
85827200	0	1.825	117.07561	24.98453	117.07334	24.99985
85827199	0	0.017	117.07334	24.99985	117.07333	25.0
49383256	0	2.587	117.07333	25.0	117.06667	25.02227
49383255	0	0.049	117.06667	25.02227	117.06639	25.02263
49383258	0	0.695	117.06639	25.02263	117.05988	25.02294
49383257	0	0.021	117.05988	25.02294	117.05968	25.02298
1427901	0	0.179	117.05968	25.02298	117.05818	25.02381
1426480	0	0.069	117.05818	25.02381	117.05766	25.02421
1375322	0	0.99	117.05766	25.02421	117.05025	25.03006
1427903	0	0.087	117.05025	25.03006	117.04968	25.03064
12511756	0	1.267	117.04968	25.03064	117.04231	25.03979
12511755	0	2.477	117.04231	25.03979	117.02132	25.05085
1373826	0	0.141	117.01963	25.05148	117.01834	25.05196
1373824	0	0.171	117.01834	25.05196	117.01677	25.05255
49383261	0	0.942	117.01677	25.05255	117.01093	25.05868
49383262	0	2.821	117.01093	25.05868	117.00859	25.08333
1567566	0	1.723	117.00859	25.08333	117.0	25.09517
1262281	0	1.811	117.0	25.09517	116.98212	25.09506
49383268	0	0.074	116.98212	25.09506	116.98139	25.095
49383267	0	0.086	116.98139	25.095	116.98054	25.09492
1253105	0	0.658	116.98054	25.09492	116.97405	25.09427
1262287	0	0.043	116.97405	25.09427	116.97363	25.09422
1262286	0	0.421	116.97363	25.09422	116.96947	25.09386
1259198	0	0.337	116.96947	25.09386	116.96614	25.0936
1266928	0	0.063	116.96614	25.0936	116.96552	25.09359
1266929	0	0.058	116.96552	25.09359	116.96495	25.09364
49383273	0	0.081	116.96495	25.09364	116.96416	25.09376
87967505	0	0.057	116.96416	25.09376	116.96361	25.09388
87967506	0	0.111	116.96361	25.09388	116.96258	25.09424
12544190	0	1.008	116.96258	25.09424	116.95452	25.0996
14809740	0	0.903	116.95452	25.0996	116.94605	25.10224
14809741	0	0.029	116.94605	25.10224	116.94578	25.10232
1259197	0	0.075	116.94578	25.10232	116.9451	25.1026
1260713	0	0.123	116.9451	25.1026	116.94404	25.10315
1265366	0	0.103	116.94404	25.10315	116.9432	25.10368
1265367	0	0.145	116.9432	25.10368	116.94198	25.10438
1260674	0	0.317	116.94198	25.10438	116.93951	25.10614
1262288	0	0.199	116.93951	25.10614	116.93801	25.10731
1262289	0	0.509	116.93801	25.10731	116.9341	25.11021
1265356	0	2.213	116.9341	25.11021	116.9198	25.12509
1265357	0	0.065	116.9198	25.12509	116.91953	25.12562
49383279	0	0.199	116.91953	25.12562	116.91878	25.12728
49383280	0	0.152	116.91878	25.12728	116.91821	25.12855
1259200	0	2.31	116.91821	25.12855	116.90873	25.1475
1260661	0	0.413	116.90873	25.1475	116.90698	25.15087
1260662	0	0.381	116.90698	25.15087	116.90535	25.15397
49383281	0	1.004	116.90535	25.15397	116.89758	25.15926
49383282	0	0.043	116.89758	25.15926	116.89716	25.15934
1260673	0	0.468	116.89716	25.15934	116.89254	25.15962
1265360	0	0.182	116.89254	25.15962	116.89073	25.15961
1265361	0	0.028	116.89073	25.15961	116.89045	25.1596
1262278	0	0.103	116.89045	25.1596	116.88943	25.15959
1262279	0	0.627	116.88943	25.15959	116.88379	25.16138
1260664	0	0.203	116.88379	25.16138	116.88269	25.16291
1260670	0	0.258	116.88269	25.16291	116.8814	25.16492
1260671	0	0.267	116.8814	25.16492	116.8795	25.16658
1260667	0	0.018	116.8795	25.16658	116.87935	25.16667
737465	0	0.288	116.87935	25.16667	116.87676	25.16773
737464	0	0.179	116.87676	25.16773	116.875	25.16795
1548838	0	0.094	116.875	25.16795	116.87407	25.16794
1548841	0	0.917	116.87407	25.16794	116.86534	25.16684
1548840	0	0.034	116.86534	25.16684	116.86506	25.16667
1374711	0	0.269	116.86506	25.16667	116.86258	25.16585
1374714	0	0.114	116.86258	25.16585	116.86145	25.16591
1374713	0	0.184	116.86145	25.16591	116.85964	25.16616
1374719	0	0.171	116.85964	25.16616	116.85796	25.1664
1374718	0	0.18	116.85796	25.1664	116.8562	25.16667
1548844	0	0.053	116.8562	25.16667	116.85569	25.16678
1550367	0	0.339	116.85569	25.16678	116.85257	25.1679
1550368	0	0.222	116.85257	25.1679	116.85075	25.16903
49383285	0	0.051	116.85075	25.16903	116.85035	25.16931
49383286	0	0.317	116.85035	25.16931	116.8479	25.1711
1548846	0	0.0040	116.8479	25.1711	116.84787	25.17113
1548847	0	0.4	116.84787	25.17113	116.8447	25.17329
49383289	0	0.43	116.8447	25.17329	116.84066	25.17454
49383290	0	0.045	116.84066	25.17454	116.84023	25.17464
1550360	0	1.18	116.84023	25.17464	116.82856	25.17535
1550363	0	1.173	116.82856	25.17535	116.81693	25.17561
1550393	0	0.026	116.81693	25.17561	116.81668	25.17565
1550394	0	0.059	116.81668	25.17565	116.8161	25.17574
12511749	0	1.043	116.8161	25.17574	116.80689	25.17983
12511750	0	0.52	116.80689	25.17983	116.80215	25.18161
1550377	0	0.908	116.80215	25.18161	116.79327	25.18242
49383293	0	0.284	116.79327	25.18242	116.79045	25.18257
49383294	0	0.035	116.79045	25.18257	116.7901	25.18259
1548875	0	0.493	116.7901	25.18259	116.78522	25.18291
1550381	0	0.011	116.78522	25.18291	116.78511	25.18292
49430114	0	0.105	116.78511	25.18292	116.78407	25.18298
49430115	0	0.443	116.78407	25.18298	116.77967	25.18317
14809750	0	0.023	116.77967	25.18317	116.77944	25.18316
14809751	0	0.102	116.77944	25.18316	116.77843	25.18305
1548871	0	0.046	116.77843	25.18305	116.77798	25.18297
1550389	0	0.317	116.77798	25.18297	116.77504	25.18197
1550390	0	0.156	116.77504	25.18197	116.7736	25.18145
1548869	0	0.155	116.7736	25.18145	116.77214	25.18101
1548879	0	2.364	116.77214	25.18101	116.75023	25.18588
1548880	0	0.023	116.75023	25.18588	116.75	25.18588
1241338	0	0.0080	116.75	25.18588	116.74992	25.18589
1244554	0	0.306	116.74992	25.18589	116.74702	25.18667
1244557	0	0.092	116.74702	25.18667	116.74617	25.18698
1241341	0	0.095	116.74617	25.18698	116.7453	25.18732
1241346	0	0.716	116.7453	25.18732	116.73858	25.18938
1241349	0	0.333	116.73858	25.18938	116.73531	25.18978
14947576	0	0.105	116.73531	25.18978	116.73427	25.18985
14947577	0	0.116	116.73427	25.18985	116.73315	25.19008
85385129	0	0.191	116.73315	25.19008	116.73135	25.19062
85384872	0	0.236	116.73135	25.19062	116.72929	25.19163
85384873	0	0.218	116.72929	25.19163	116.72759	25.19285
85384868	0	0.644	116.72759	25.19285	116.72272	25.19661
85384869	0	3.116	116.72272	25.19661	116.7067	25.21971
1241395	0	0.252	116.7067	25.21971	116.70547	25.22169
1241399	0	0.121	116.70547	25.22169	116.70487	25.22264
1241405	0	0.457	116.70487	25.22264	116.70358	25.22657
1243000	0	0.512	116.70358	25.22657	116.70335	25.23116
1243003	0	0.124	116.70335	25.23116	116.70354	25.23226
1241412	0	0.281	116.70354	25.23226	116.70396	25.23476
1243018	0	0.229	116.70396	25.23476	116.70428	25.2368
1243020	0	0.03	116.70428	25.2368	116.70431	25.23707
49383301	0	0.351	116.70431	25.23707	116.70439	25.24022
49383302	0	0.0080	116.70439	25.24022	116.70439	25.24029
1241421	0	1.118	116.70439	25.24029	116.70153	25.25
929554	0	1.041	116.70153	25.25	116.69806	25.25881
907259	0	0.099	116.69806	25.25881	116.69753	25.25956
907260	0	0.581	116.69753	25.25956	116.6935	25.26326
929558	0	0.679	116.6935	25.26326	116.68777	25.26648
929562	0	0.801	116.68777	25.26648	116.68068	25.26969
907211	0	0.842	116.68068	25.26969	116.67239	25.26975
907268	0	0.073	116.67239	25.26975	116.67168	25.26963
49383305	0	0.38	116.67168	25.26963	116.66794	25.26917
49383306	0	0.019	116.66794	25.26917	116.66775	25.26916
907227	0	0.382	116.66775	25.26916	116.66412	25.27005
49383309	0	0.463	116.66412	25.27005	116.66071	25.27281
49383310	0	0.045	116.66071	25.27281	116.66041	25.27311
907244	0	0.277	116.66041	25.27311	116.65857	25.27496
907245	0	0.372	116.65857	25.27496	116.65675	25.27786
907231	0	0.968	116.65675	25.27786	116.65477	25.28636
907216	0	0.774	116.65477	25.28636	116.65102	25.29243
907219	0	0.238	116.65102	25.29243	116.64976	25.29425
907221	0	0.383	116.64976	25.29425	116.64767	25.29713
907223	0	0.408	116.64767	25.29713	116.64451	25.2994
907224	0	0.461	116.64451	25.2994	116.64118	25.3022
907272	0	0.197	116.64118	25.3022	116.6403	25.30378
907273	0	2.845	116.6403	25.30378	116.64	25.32897
907278	0	0.165	116.64	25.32897	116.63974	25.33044
907279	0	0.059	116.63974	25.33044	116.63964	25.33096
907241	0	0.103	116.63964	25.33096	116.63946	25.33187
907234	0	0.165	116.63946	25.33187	116.63916	25.33333
1775153	0	0.206	116.63916	25.33333	116.63873	25.33514
1776672	0	0.849	116.63873	25.33514	116.63462	25.34178
49383313	0	0.073	116.63462	25.34178	116.6342	25.34232
49383314	0	0.035	116.6342	25.34232	116.634	25.34258
1775154	0	0.206	116.634	25.34258	116.6328	25.34409
1776640	0	0.057	116.6328	25.34409	116.63247	25.34451
1776641	0	0.256	116.63247	25.34451	116.63103	25.34641
49383317	0	0.502	116.63103	25.34641	116.6296	25.35069
49383318	0	0.024	116.6296	25.35069	116.62957	25.3509
1776668	0	0.32	116.62957	25.3509	116.62907	25.35375
1776669	0	0.029	116.62907	25.35375	116.62901	25.35401
1775157	0	0.0050	116.62901	25.35401	116.629	25.35405
1775159	0	0.597	116.629	25.35405	116.62687	25.35906
14947520	0	0.102	116.62687	25.35906	116.62637	25.35986
14947521	0	0.151	116.62637	25.35986	116.62557	25.36101
1776645	0	0.101	116.62557	25.36101	116.625	25.36176
882875	0	0.072	116.625	25.36176	116.62456	25.36227
882876	0	0.17	116.62456	25.36227	116.62349	25.36346
882874	0	0.5	116.62349	25.36346	116.61995	25.36662
860583	0	0.019	116.61995	25.36662	116.61981	25.36674
860584	0	0.154	116.61981	25.36674	116.6187	25.3677
882869	0	0.094	116.6187	25.3677	116.61803	25.36829
882870	0	1.11	116.61803	25.36829	116.6099	25.37457
881342	0	0.379	116.6099	25.37457	116.60683	25.37651
881346	0	1.709	116.60683	25.37651	116.59146	25.38165
881347	0	0.269	116.59146	25.38165	116.5894	25.38319
881348	0	0.278	116.5894	25.38319	116.58684	25.3841
881350	0	0.461	116.58684	25.3841	116.58227	25.3843
882794	0	0.072	116.58227	25.3843	116.58156	25.38438
49383343	0	0.281	116.58156	25.38438	116.57887	25.38506
49383344	0	0.022	116.57887	25.38506	116.57867	25.38514
881354	0	0.749	116.57867	25.38514	116.57219	25.38843
881361	0	0.266	116.57219	25.38843	116.56963	25.38901
881362	0	0.256	116.56963	25.38901	116.56713	25.38944
882798	0	0.034	116.56713	25.38944	116.5668	25.3895
882799	0	0.655	116.5668	25.3895	116.56044	25.39072
882800	0	0.364	116.56044	25.39072	116.55714	25.39206
881365	0	0.315	116.55714	25.39206	116.5547	25.39379
881366	0	0.123	116.5547	25.39379	116.55403	25.39472
881368	0	0.161	116.55403	25.39472	116.55324	25.39598
49383349	0	0.119	116.55324	25.39598	116.55268	25.39692
49383350	0	0.115	116.55268	25.39692	116.55203	25.39777
881355	0	0.667	116.55203	25.39777	116.54724	25.4019
49383353	0	0.079	116.54724	25.4019	116.54661	25.40232
49383354	0	0.017	116.54661	25.40232	116.54647	25.40241
881358	0	0.403	116.54647	25.40241	116.54284	25.40394
860579	0	0.075	116.54284	25.40394	116.54221	25.4043
860580	0	0.046	116.54221	25.4043	116.54183	25.40453
882796	0	1.951	116.54183	25.40453	116.52951	25.41667
949082	0	1.564	116.52951	25.41667	116.52432	25.42919
12511819	0	0.101	116.52432	25.42919	116.52383	25.42998
12511820	0	0.216	116.52383	25.42998	116.52269	25.43163
49383358	0	0.056	116.52269	25.43163	116.52237	25.43204
951941	0	0.024	116.52237	25.43204	116.52224	25.43222
950542	0	1.043	116.52224	25.43222	116.51664	25.44013
950545	0	1.311	116.51664	25.44013	116.51125	25.45083
949088	0	0.029	116.51125	25.45083	116.51116	25.45108
949091	0	0.312	116.51116	25.45108	116.51027	25.45377
950490	0	0.016	116.51027	25.45377	116.51022	25.45391
950496	0	0.923	116.51022	25.45391	116.50654	25.4615
950499	0	0.406	116.50654	25.4615	116.50423	25.4645
49383361	0	0.422	116.50423	25.4645	116.50114	25.46704
49383362	0	0.02	116.50114	25.46704	116.50097	25.46714
950507	0	0.0050	116.50097	25.46714	116.50093	25.46716
950509	0	0.112	116.50093	25.46716	116.5	25.46772
854045	0	0.234	116.5	25.46772	116.49805	25.46888
49383365	0	0.296	116.49805	25.46888	116.49573	25.47052
49383366	0	0.056	116.49573	25.47052	116.49534	25.47088
854054	0	1.074	116.49534	25.47088	116.48872	25.47844
854055	0	0.376	116.48872	25.47844	116.48848	25.48178
855573	0	0.025	116.48848	25.48178	116.48854	25.482
855576	0	0.026	116.48854	25.482	116.4886	25.48223
855567	0	0.661	116.4886	25.48223	116.49283	25.48661
854060	0	0.222	116.49283	25.48661	116.49445	25.48796
854062	0	1.566	116.49445	25.48796	116.49002	25.5
12512200	0	0.113	116.49002	25.5	116.48929	25.50078
12512201	0	0.0030	116.48929	25.50078	116.48927	25.5008
14726433	0	0.237	116.48927	25.5008	116.48774	25.50242
14726434	0	0.448	116.48774	25.50242	116.48553	25.50589
569879	0	0.421	116.48553	25.50589	116.48504	25.50963
569884	0	0.294	116.48504	25.50963	116.48502	25.51228
571310	0	0.194	116.48502	25.51228	116.4851	25.51403
571323	0	1.765	116.4851	25.51403	116.48397	25.52953
571334	0	0.138	116.48397	25.52953	116.48358	25.53072
571348	0	1.101	116.48358	25.53072	116.48027	25.53961
571356	0	0.299	116.48027	25.53961	116.47803	25.54138
571364	0	2.842	116.47803	25.54138	116.45875	25.55866
571376	0	0.278	116.45875	25.55866	116.45771	25.56098
575864	0	0.674	116.45771	25.56098	116.45528	25.56664
575872	0	0.079	116.45528	25.56664	116.45506	25.56732
571389	0	1.212	116.45506	25.56732	116.45029	25.57732
575879	0	0.052	116.45029	25.57732	116.45008	25.57775
577280	0	0.081	116.45008	25.57775	116.44976	25.57842
575826	0	0.126	116.44976	25.57842	116.44928	25.57947
575833	0	0.464	116.44928	25.57947	116.44749	25.58333
839449	0	1.125	116.44749	25.58333	116.44236	25.59234
839454	0	0.256	116.44236	25.59234	116.44132	25.59444
839457	0	4.416	116.44132	25.59444	116.42602	25.62984
839461	0	0.171	116.42602	25.62984	116.42548	25.6313
839466	0	1.101	116.42548	25.6313	116.42122	25.6404
839499	0	0.131	116.42122	25.6404	116.42046	25.64136
839501	0	0.488	116.42046	25.64136	116.41763	25.64494
839486	0	0.335	116.41763	25.64494	116.41534	25.64713
839487	0	0.346	116.41534	25.64713	116.41288	25.64932
839491	0	0.825	116.41288	25.64932	116.4073	25.65474
839493	0	1.558	116.4073	25.65474	116.39963	25.66667
798627	0	3.175	116.39963	25.66667	116.37843	25.68652
798630	0	0.024	116.37843	25.68652	116.37821	25.68661
798616	0	0.028	116.37821	25.68661	116.37796	25.68673
797102	0	0.405	116.37796	25.68673	116.375	25.68916
786176	0	1.1	116.375	25.68916	116.36871	25.69728
786203	0	0.025	116.36871	25.69728	116.36856	25.69746
786202	0	0.04	116.36856	25.69746	116.36831	25.69774
786199	0	1.889	116.36831	25.69774	116.36275	25.71372
786178	0	1.384	116.36275	25.71372	116.3516	25.72042
786180	0	1.341	116.3516	25.72042	116.34333	25.72955
786201	0	0.236	116.34333	25.72955	116.34282	25.73162
786186	0	0.535	116.34282	25.73162	116.34246	25.73642
786184	0	0.153	116.34246	25.73642	116.34248	25.7378
786183	0	1.364	116.34248	25.7378	116.34181	25.75
708148	0	1.623	116.34181	25.75	116.33058	25.75853
689710	0	0.463	116.33058	25.75853	116.32613	25.75962
689714	0	0.159	116.32613	25.75962	116.3246	25.75999
708154	0	0.135	116.3246	25.75999	116.32325	25.76002
708155	0	2.528	116.32325	25.76002	116.29857	25.76383
708156	0	0.27	116.29857	25.76383	116.29609	25.76476
708159	0	0.452	116.29609	25.76476	116.29254	25.76724
708161	0	0.229	116.29254	25.76724	116.29107	25.76882
709647	0	1.981	116.29107	25.76882	116.27526	25.77885
709649	0	0.291	116.27526	25.77885	116.27244	25.77829
709650	0	2.366	116.27244	25.77829	116.25	25.77635
793581	0	3.228	116.25	25.77635	116.23781	25.79914
793582	0	0.039	116.23781	25.79914	116.2378	25.79949
793554	0	0.921	116.2378	25.79949	116.23297	25.80616
793587	0	0.022	116.23297	25.80616	116.23279	25.80628
793588	0	0.088	116.23279	25.80628	116.23211	25.80678
793583	0	0.382	116.23211	25.80678	116.22918	25.80898
793584	0	0.678	116.22918	25.80898	116.22493	25.8137
793552	0	0.601	116.22493	25.8137	116.22104	25.8178
793565	0	0.321	116.22104	25.8178	116.21857	25.81963
793556	0	0.214	116.21857	25.81963	116.21696	25.82089
793558	0	0.162	116.21696	25.82089	116.21605	25.82209
793560	0	0.323	116.21605	25.82209	116.21511	25.82486
793561	0	0.956	116.21511	25.82486	116.21352	25.83333
1089944	0	1.725	116.21352	25.83333	116.20222	25.84319
1089946	0	0.197	116.20222	25.84319	116.20026	25.8433
1089948	0	0.851	116.20026	25.8433	116.19274	25.84673
1089950	0	0.223	116.19274	25.84673	116.1909	25.84786
1089952	0	0.491	116.1909	25.84786	116.18757	25.85109
1089954	0	0.351	116.18757	25.85109	116.18439	25.85234
14947508	0	1.245	116.18439	25.85234	116.17322	25.85706
14947509	0	0.141	116.17322	25.85706	116.17201	25.85771
14947504	0	0.231	116.17201	25.85771	116.17019	25.85899
14947505	0	0.931	116.17019	25.85899	116.16526	25.86601
1089986	0	0.073	116.16526	25.86601	116.16487	25.86656
1091543	0	0.301	116.16487	25.86656	116.1628	25.86851
1091540	0	0.26	116.1628	25.86851	116.16071	25.8699
1091504	0	0.019	116.16071	25.8699	116.16056	25.87
1091523	0	0.197	116.16056	25.87	116.15902	25.87111
1091526	0	0.012	116.15902	25.87111	116.15893	25.87118
1091525	0	0.014	116.15893	25.87118	116.15881	25.87125
1091520	0	0.85	116.15881	25.87125	116.15202	25.87584
1091519	0	0.714	116.15202	25.87584	116.14631	25.8797
1091518	0	0.075	116.14631	25.8797	116.14571	25.8801
1091516	0	0.044	116.14571	25.8801	116.14534	25.88031
1091513	0	0.344	116.14534	25.88031	116.14265	25.88223
1091511	0	0.172	116.14265	25.88223	116.14147	25.88336
1091510	0	0.241	116.14147	25.88336	116.14005	25.88511
1091508	0	0.161	116.14005	25.88511	116.13927	25.88638
1091530	0	0.822	116.13927	25.88638	116.13632	25.89329
1091537	0	0.091	116.13632	25.89329	116.136	25.89406
1091536	0	0.099	116.136	25.89406	116.13566	25.8949
1091533	0	0.165	116.13566	25.8949	116.13508	25.89629
1091531	0	1.548	116.13508	25.89629	116.125	25.90648
14947435	0	0.394	116.125	25.90648	116.12182	25.90857
14947434	0	0.109	116.12182	25.90857	116.12095	25.90915
14947457	0	0.197	116.12095	25.90915	116.11921	25.90999
14947456	0	0.624	116.11921	25.90999	116.11438	25.91353
1347396	0	0.515	116.11438	25.91353	116.1106	25.91667
