G76#1347395#708157	1347395	708157	1	30.510999999999996	116.11034	25.91667	116.32325	25.75989	1347395	14947438	14947439	14947436	14947437	1091538	1091539	1091532	1091534	1091535	1091529	1091507	1091509	1091512	1091514	1091515	1091517	1091521	1091522	1091527	1091528	1091524	1091542	1091544	14947507	14947506	1091505	14947511	14947510	1089955	1089953	1089951	1089949	1089947	1089945	793563	793562	793559	793557	793564	793553	793590	793589	793578	793555	793580	793579	709655	709653	689679	689677	708162	708160	708158	708157
G76#708153#839489	708153	839489	1	16.792	116.32325	25.75989	116.41504	25.64715	708153	689707	689705	708149	786181	786200	786185	786187	786188	786179	786197	786198	786177	797105	798624	798621	798614	839497	839495	839489
G76#840922#571330	840922	571330	1	17.137000000000004	116.41504	25.64715	116.48491	25.51403	840922	840920	839483	839481	839463	839459	839455	839451	577290	577285	575810	571394	575819	575813	571383	571369	571360	571352	571342	571330
G76#571306#14947552	571306	14947552	1	23.842000000000002	116.48491	25.51403	116.6179	25.36815	571306	577302	577296	569874	569872	854066	854063	855571	855569	49383368	49383367	854057	49383364	49383363	854047	950514	950511	949086	49383360	49383359	950500	950493	949093	949089	950544	950540	950505	950547	950551	950549	860582	860581	49383356	49383355	881360	49383352	49383351	881356	881371	881370	881367	49383348	49383347	881364	881363	882878	882877	49383346	49383345	881353	12511818	12511817	881351	881349	881345	49383342	49383341	881343	14947553	14947552
G76#882871#1776666	882871	1776666	1	4.305	116.6179	25.36815	116.63854	25.3351	882871	882873	882872	882844	882839	1776661	1776660	1776671	49383320	49383319	1775158	1775156	12512195	12512197	12512196	1776639	49383316	49383315	1775155	1776667	1776666
G76#1775148#1241409	1775148	1241409	1	15.67	116.63854	25.3351	116.70333	25.22651	1775148	907281	907280	907240	907239	907238	907226	907225	907222	907220	907218	907271	907270	49383312	49383311	907243	907242	49383308	49383307	907228	907267	907266	907257	907214	929564	929560	907265	907264	49383304	49383303	929556	1241428	1241423	1243023	1243021	1242995	1241415	1241409
G76#1243027#85385124	1243027	85385124	1	3.9619999999999997	116.70333	25.22651	116.72262	25.19645	1243027	1243025	1241401	1241393	85385125	85385124
G76#85385147#1548876	85385147	1548876	1	5.465	116.72262	25.19645	116.77222	25.18085	85385147	87967494	87967493	85384870	85384875	85384874	1241353	1241351	1241344	1244560	1244559	1241339	1548877	1548876
G76#1548867#1262290	1548867	1262290	1	20.979999999999997	116.77222	25.18085	116.93937	25.10602	1548867	1548870	1550392	1550391	1548872	49430109	49430113	49430112	49383296	49383295	1548852	1550380	1550379	1550369	1550375	1550374	49383292	49383291	1550362	1550361	1550364	1550373	49383288	49383287	1548849	1548848	1550371	1550370	1550366	1550365	1374717	1374720	1374721	1374715	1374716	1374712	1548842	1548843	1548839	737466	737467	1260666	1260669	1260668	1260665	1265363	49383284	49383283	1259203	1260660	1260663	1265359	1265358	1262276	1259201	1262277	1265355	1265354	1265353	1265352	1262290
G76#1260710#87967429	1260710	87967429	1	2.7139999999999995	116.93937	25.10602	116.96251	25.09407	1260710	1265365	1265364	1260676	1260675	1266931	14947455	14947454	1266930	49383278	87967430	87967429
G76#12544165#14947430	12544165	14947430	1	9.284	116.96251	25.09407	117.01669	25.05245	12544165	1266932	1266919	1259199	14666813	14666814	49383269	49383270	1253106	1262282	1262283	1567567	14947431	14947430
G76#1435384#1188130	1435384	1188130	1	15.298	117.01669	25.05245	117.11343	24.96342	1435384	1435378	1435379	1435366	1435367	1427904	49383259	49383260	1373805	1435380	1435381	1435364	1435365	85827201	85827202	1189620	49383253	49383254	1188091	1189617	1189618	1189645	1189648	49383249	49383250	1188097	1188128	1188130
G76#1189596#764995	1189596	764995	1	18.534	117.11343	24.96342	117.22229	24.86801	1189596	1189599	1189665	1189667	1188106	1189657	1189659	1188118	1189603	1189653	1189655	49383231	49383232	1119773	1119769	1119764	1119767	1119766	764989	765004	49383227	49383228	763468	763438	765027	765030	49383223	49383224	763440	765024	765025	765020	765021	765052	765059	765060	765050	765051	765016	49383235	49383236	765002	764997	764996	765054	12511751	12511752	765044	14666804	14666805	14666803	14666801	764995
G76#765058#639904	765058	639904	1	16.082	117.22229	24.86801	117.3293	24.77029	765058	765012	765013	765008	765009	765038	765039	763465	763449	763450	754446	754447	754443	754426	754444	754445	14666794	14666795	639917	639918	639920	639871	639867	639869	641401	641435	641436	14666790	14666791	639873	641388	641409	641410	641411	641407	641408	641403	641404	639902	641439	641440	639903	639904
G76#641385#669744	641385	669744	1	19.181	117.3293	24.77029	117.45475	24.65355	641385	87788503	87788504	641437	641438	639907	641423	641424	742855	14666789	14666788	742821	865856	871772	871773	669736	669738	669740	669743	669744
G76#671251#14943356	671251	14943356	1	12.940999999999999	117.45475	24.65355	117.57603	24.62063	671251	671247	671248	669760	669761	669759	14666782	14666783	669681	734749	734746	733233	731638	736303	736304	731640	736296	14943356
G76#14943385#12472708	14943385	12472708	1	5.911999999999999	117.57603	24.62063	117.62363	24.59075	14943385	14943386	14943389	14943390	14943393	14943394	12472708
G76#733234#655284	733234	655284	1	10.629	117.62363	24.59075	117.71579	24.5479	733234	734681	715671	715672	715605	715667	715668	715601	643086	643087	655286	655284
G76#656859#658843	656859	658843	1	9.229999999999999	117.71579	24.5479	117.78124	24.49193	656859	778910	778911	656844	778895	778896	778915	778916	778892	778893	757640	14666717	14666716	757630	649526	654070	658829	658844	658843
G76#647946#647946	647946	647946	1	0.221	117.78124	24.49193	117.78316	24.49099	647946
G76#647947#778894	647947	778894	0	8.670000000000002	117.78334	24.49109	117.72157	24.5432	647947	654059	654071	654072	649525	14666712	14666714	14666715	759163	757639	655275	778918	778917	643075	778894
G76#656858#715596	656858	715596	0	10.648	117.72157	24.5432	117.62994	24.58691	656858	656857	656845	778905	778904	655285	643089	643088	715596
G76#714036#14943348	714036	14943348	0	5.001	117.62994	24.58691	117.59117	24.61439	714036	87967349	87967350	715674	715676	715670	715669	731649	12472710	14943348
G76#14943392#14947564	14943392	14947564	0	14.018	117.59117	24.61439	117.45946	24.65045	14943392	14943391	14943388	14943387	14943384	14943383	731644	731642	731646	736299	736298	14666781	14666780	734748	734747	669680	669733	14947565	14947564
G76#671250#639908	671250	639908	0	18.765	117.45946	24.65045	117.33652	24.76406	671250	671249	669764	671252	669742	669741	669739	669737	669735	14666785	14666787	14666786	871774	865858	865855	742820	742856	742857	639914	639908
G76#641394#765010	641394	765010	0	16.881999999999998	117.33652	24.76406	117.22424	24.86691	641394	641428	641427	639909	639905	641442	641441	639906	641432	641431	641402	641406	641405	641413	641412	641434	641433	641397	639872	14666793	14666792	641399	639868	639866	639870	639919	639916	639915	754440	754442	754441	754438	754434	764999	14666797	14666796	763448	763466	763467	14666799	14666798	765006	765011	765010
G76#765057#1188122	765057	1188122	0	18.558999999999994	117.22424	24.86691	117.11571	24.96272	765057	763471	14666809	14666808	765046	14666810	763494	763493	765001	765049	765048	765015	765017	765018	765019	765023	765022	49383222	49383221	763439	765029	765028	49383226	49383225	763437	763469	763470	764990	1119770	49383229	49383230	1119763	1119768	1189633	12511754	12511753	1188120	1189663	1189661	1188124	1188122
G76#1189670#12511755	1189670	12511755	0	15.286000000000003	117.11571	24.96272	117.02132	25.05085	1189670	1189669	1188126	49383248	49383247	1189641	1189606	1188095	1189608	1189651	1189649	49383252	14666812	14666811	1189612	1188093	1189626	1189624	85827200	85827199	49383256	49383255	49383258	49383257	1427901	1426480	1375322	1427903	12511756	12511755
G76#1373826#1266929	1373826	1266929	0	9.348999999999998	117.01963	25.05148	116.96495	25.09364	1373826	1373824	49383261	49383262	1567566	1262281	49383268	49383267	1253105	1262287	1262286	1259198	1266928	1266929
G76#49383273#1259197	49383273	1259197	0	2.2640000000000002	116.96495	25.09364	116.9451	25.1026	49383273	87967505	87967506	12544190	14809740	14809741	1259197
G76#1260713#14809751	1260713	14809751	0	21.025999999999996	116.9451	25.1026	116.77843	25.18305	1260713	1265366	1265367	1260674	1262288	1262289	1265356	1265357	49383279	49383280	1259200	1260661	1260662	49383281	49383282	1260673	1265360	1265361	1262278	1262279	1260664	1260670	1260671	1260667	737465	737464	1548838	1548841	1548840	1374711	1374714	1374713	1374719	1374718	1548844	1550367	1550368	49383285	49383286	1548846	1548847	49383289	49383290	1550360	1550363	1550393	1550394	12511749	12511750	1550377	49383293	49383294	1548875	1550381	49430114	49430115	14809750	14809751
G76#1548871#85385129	1548871	85385129	0	5.023000000000001	116.77843	25.18305	116.73135	25.19062	1548871	1550389	1550390	1548869	1548879	1548880	1241338	1244554	1244557	1241341	1241346	1241349	14947576	14947577	85385129
G76#85384872#85384869	85384872	85384869	0	4.214	116.73135	25.19062	116.7067	25.21971	85384872	85384873	85384868	85384869
G76#1241395#907273	1241395	907273	0	15.810999999999998	116.7067	25.21971	116.64	25.32897	1241395	1241399	1241405	1243000	1243003	1241412	1243018	1243020	49383301	49383302	1241421	929554	907259	907260	929558	929562	907211	907268	49383305	49383306	907227	49383309	49383310	907244	907245	907231	907216	907219	907221	907223	907224	907272	907273
G76#907278#14947521	907278	14947521	0	3.9039999999999986	116.64	25.32897	116.62557	25.36101	907278	907279	907241	907234	1775153	1776672	49383313	49383314	1775154	1776640	1776641	49383317	49383318	1776668	1776669	1775157	1775159	14947520	14947521
G76#1776645#14726434	1776645	14726434	0	23.982999999999997	116.62557	25.36101	116.48553	25.50589	1776645	882875	882876	882874	860583	860584	882869	882870	881342	881346	881347	881348	881350	882794	49383343	49383344	881354	881361	881362	882798	882799	882800	881365	881366	881368	49383349	49383350	881355	49383353	49383354	881358	860579	860580	882796	949082	12511819	12511820	49383358	951941	950542	950545	949088	949091	950490	950496	950499	49383361	49383362	950507	950509	854045	49383365	49383366	854054	854055	855573	855576	855567	854060	854062	12512200	12512201	14726433	14726434
G76#569879#839466	569879	839466	0	17.089	116.48553	25.50589	116.42122	25.6404	569879	569884	571310	571323	571334	571348	571356	571364	571376	575864	575872	571389	575879	577280	575826	575833	839449	839454	839457	839461	839466
G76#839499#708148	839499	708148	0	17.005	116.42122	25.6404	116.33058	25.75853	839499	839501	839486	839487	839491	839493	798627	798630	798616	797102	786176	786203	786202	786199	786178	786180	786201	786186	786184	786183	708148
