G15#13302719#1141382	119.47346	25.96081	119.48947	25.97489	[]
5	3366
7	3437
0	3190
1	3225
3	3296
5	3366
10	3543
10	3543
5	3366
18	3825
16	3755
9	3507
19	3861
9	3507
16	3755
10	3543
16	3755
8	3472
3	3296
4	3331
4	3331
12	3613
3	3296
4	3331
G15#835435#858511	119.55192	26.2277	119.54813	26.13362	null
3160	41078
3316	43067
2736	35671
2836	36946
2882	37533
3151	40963
5730	73851
8554	109864
9901	127042
8877	113983
9954	127717
10104	129630
12387	158744
10810	138633
9983	128087
11612	148861
12179	156091
8719	111968
6394	82319
5152	66481
5737	73941
6298	81095
5856	75459
3960	51280
G25#898477#1011203	118.19329	26.68738	118.25581	26.7793	[0, 0, 0, 0, 0, 0, 0, 0, 0, 0, 0, 0, 0, 0, 0, 0, 0, 0, 0, 0, 0, 0, 0, 0]
402	10299
239	6125
252	6458
338	8660
198	5075
226	5793
601	15393
887	22716
2251	57637
2345	60044
3187	81601
3342	85570
2766	70822
1769	45297
2580	66060
2872	73536
2282	58431
2081	53285
1991	50981
1350	34570
1187	30396
1070	27401
625	16008
344	8813
G70#87678773#1278362	119.34947	25.91582	119.24856	25.97671	[]
1660	180474
1320	143810
984	107577
1063	116096
1029	112430
1235	134644
2161	234499
3918	423966
6241	674468
5713	617530
6182	668105
8157	881079
8406	907931
6501	702504
6206	670693
7021	758579
7212	779175
5071	548300
4151	449091
3190	345462
5470	591326
5399	583670
3341	361745
2146	232882
G25#85080967#85168437	118.35304	27.04887	118.36082	27.06717	null
107	4891
128	5895
98	4460
100	4556
105	4795
85	3839
80	3600
121	5560
213	9959
333	15697
604	28654
501	23729
344	16223
137	6325
254	11919
485	22964
415	19618
463	21912
253	11871
189	8812
182	8477
117	5369
102	4652
79	3552
G15#49392286#49316120	119.49957	26.4669	119.49308	26.35294	null
950	12896
1099	14796
794	10906
918	12487
865	11811
934	12692
1797	23697
2561	33439
3537	45886
3159	41065
3240	42098
3640	47199
4229	54710
4099	53053
4548	58778
5633	72615
5042	65078
3432	44546
2068	27152
1333	17779
1838	24219
2285	29920
1926	25342
1233	16504
G70#888636#49600102	119.11613	26.12313	119.13029	26.11047	null
26	4271
43	6105
21	3732
19	3516
36	5349
33	5026
48	6644
124	14839
197	22711
242	27563
218	24976
235	26809
243	27671
297	33494
257	29181
270	30583
218	24976
138	16349
72	9232
69	8908
87	10849
113	13653
133	15809
48	6644
G15#878948#854359	120.0195	26.87904	119.88133	26.85485	null
559	3703
523	3562
347	2872
429	3194
392	3049
365	2942
559	3703
1264	6469
2067	9619
2169	10019
2259	10372
2332	10658
2828	12604
2947	13070
2911	12929
2968	13153
2840	12651
2745	12278
2965	13141
1996	9340
1758	8407
1621	7869
992	5402
624	3958
G76#656859#658843	117.71579	24.5479	117.78124	24.49193	null
1233	30792
919	23104
837	21096
874	22002
844	21267
816	20582
1225	30596
1875	46510
3590	88501
3700	91194
4905	120698
4365	107476
4633	114038
3569	87987
3938	97021
4778	117588
4811	118396
4630	113965
5605	137837
4580	112740
3820	94132
3400	83849
1797	44601
1308	32628
G25#85168722#85413460	118.68376	27.36065	118.68568	27.24403	[30, 28, 25, 22, 21, 21, 35, 50, 65, 132, 114, 109]
155	7186
184	8573
122	5608
116	5321
105	4795
157	7282
352	16605
631	29945
1096	52178
1115	53087
1597	76133
1200	57151
1303	62076
1276	60785
1247	59398
1260	60020
1394	66427
1482	70634
1468	69965
1101	52417
1104	52561
853	40560
377	17800
215	10055
G76#1260710#87967429	116.93937	25.10602	116.96251	25.09407	null
26	138
19	102
51	267
12	66
19	102
14	76
44	231
75	392
232	1203
411	2128
630	3259
463	2396
426	2205
320	1657
413	2138
577	2985
487	2520
575	2975
316	1637
212	1099
155	805
107	557
38	200
112	583
G25#85168680#85413461	118.65304	27.15824	118.68562	27.23912	[6, 5, 3, 2, 2, 2, 3, 12, 25, 35, 45, 43]
147	6803
103	4700
160	7425
63	2787
56	2452
128	5895
480	22725
719	34153
1609	76707
1485	70778
1601	76324
1565	74603
1598	76181
1205	57390
914	43477
1286	61263
1512	72069
1373	65423
1592	75894
1234	58777
1724	82205
1178	56099
431	20383
170	7903
G70#837766#888633	118.84055	26.1726	119.11613	26.12313	[]
458	50856
424	47190
224	25623
267	30260
342	38347
442	49131
550	60777
976	106715
1799	195463
1980	214981
2234	242372
2450	265664
2587	280437
2296	249057
2347	254557
2995	324434
2663	288633
1745	189640
1002	109518
627	69080
1057	115449
1150	125478
770	84501
570	62933
G1501#49600168#49600132	119.20562	26.1165	119.1429	26.11323	null
180	97
230	122
135	75
157	86
125	70
182	98
606	308
1532	765
2271	1131
1697	847
1505	752
1927	961
2356	1173
1655	826
1991	992
2408	1198
2861	1422
1418	709
1346	673
951	478
1283	642
1361	681
844	425
484	248
G25#758391#882862	116.46502	25.21864	116.61822	25.36124	[99, 92, 64, 67, 79, 68, 77, 111, 135, 212, 252, 215, 188, 231, 306, 275, 246, 221, 109, 125, 153, 142, 107, 93, 0]
422	6631
517	8072
527	8224
479	7495
351	5554
399	6283
977	15048
1819	27819
2727	41590
2684	40938
2927	44623
2615	39891
3426	52191
3050	46489
2533	38647
2602	39694
2682	40907
3403	51842
4470	68025
3965	60366
3433	52297
2536	38693
1486	22768
651	10104
G25#85080942#85123811	118.65649	27.16118	118.51797	27.09162	[28, 35, 31, 22, 28, 25, 41, 79, 132, 183, 190, 151]
82	3696
62	2739
24	922
88	3982
52	2261
60	2644
184	8573
478	22630
1251	59589
1023	48688
1352	64419
982	46728
1232	58681
1036	49310
882	41946
851	40464
1158	55143
1135	54043
1424	67861
1035	49262
753	35778
637	30232
381	17992
240	11250
G76#882871#1776666	116.6179	25.36815	116.63854	25.3351	null
244	1265
125	650
174	903
129	671
100	521
129	671
417	2159
1017	5259
1692	8747
1546	7992
1810	9356
2056	10628
2327	12028
2050	10597
1652	8540
1669	8628
1614	8344
2225	11501
2505	12948
1866	9646
1689	8731
1511	7811
826	4272
402	2081
G15#852351#14157266	119.72695	26.83617	119.68104	26.81243	null
483	3406
340	2844
289	2645
195	2276
195	2276
252	2499
551	3672
1113	5877
2138	9897
2442	11090
4344	18550
4134	17726
4485	19103
3266	14321
2435	11062
2614	11764
2619	11784
2655	11925
3700	16024
2601	11713
2110	9787
2710	12141
1682	8108
1462	7246
G76#85385147#1548876	116.72262	25.19645	116.77222	25.18085	null
396	2050
296	1533
291	1508
299	1549
675	3492
339	1756
474	2453
981	5073
1641	8483
1702	8798
2149	11108
2069	10695
2262	11692
1517	7842
1632	8437
1869	9661
1810	9356
2028	10483
2336	12074
1614	8344
1656	8561
1010	5223
861	4453
506	2619
G25#85404376#85404255	118.68675	27.35022	118.67327	27.44987	[7, 8, 4, 1, 3, 2, 0, 7, 16, 32, 43, 29]
180	8381
149	6899
120	5512
91	4126
125	5751
132	6086
252	11824
384	18135
867	41229
943	44863
1234	58777
1158	55143
1054	50170
1035	49262
842	40034
1035	49262
847	40273
1042	49597
1175	55956
996	47397
1275	60737
881	41898
343	16175
201	9385
G15#14939536#14939539	117.85846	24.37765	117.86606	24.35021	null
97	1839
53	1384
78	1643
62	1477
39	1239
63	1488
159	2480
319	4135
530	6317
545	6473
550	6524
599	7031
691	7983
434	5324
673	7796
656	7621
651	7569
589	6928
827	9389
626	7310
570	6731
492	5924
201	2915
120	2077
G72#774690#700497	118.47375	24.96333	118.50291	24.9248	[]
1007	4267
539	2504
453	2180
439	2127
368	1860
501	2361
907	3890
2106	8407
3488	13613
4155	16125
5671	21836
4828	18660
4772	18449
4408	17078
5421	20894
5419	20886
5678	21862
5363	20675
6564	25199
4847	18732
3966	15413
3544	13824
2376	9424
1425	5842
G3#773653#12835107	118.08573	27.36148	118.07013	27.44628	null
145	2480
87	1565
111	1943
89	1596
61	1153
124	2149
236	3918
462	7489
956	15294
932	14915
1441	22956
1157	18469
1128	18012
1020	16305
1306	20824
1455	23178
1271	20271
1029	16447
1186	18928
851	13635
902	14441
563	9085
336	5499
225	3745
G1501#49429976#1231984	119.40596	26.2361	119.529	26.28279	null
1538	4882
1754	5555
1283	4088
1140	3643
1247	3976
1302	4147
2988	9399
4858	15223
7721	24140
7412	23177
7800	24386
7786	24342
8733	27292
6521	20402
7535	23560
7426	23221
8153	25485
6241	19530
5589	17499
5084	15927
5502	17229
4593	14397
3727	11700
2570	8096
G1514#12835114#12835105	118.10629	27.46001	118.07304	27.45152	null
115	622
93	521
83	475
120	645
153	796
135	714
218	1095
508	2428
810	3815
638	3025
921	4325
825	3884
898	4220
670	3172
687	3250
751	3544
760	3585
708	3346
881	4141
655	3103
532	2538
383	1853
196	994
111	604
G70#800291#87678772	119.38403	25.89871	119.34947	25.91582	null
812	89030
474	52582
483	53552
303	34141
431	47945
597	65845
1813	196973
3558	385145
4662	504195
4771	515949
4798	518861
5410	584856
5808	627774
4542	491255
4102	443807
5185	560593
5337	576984
3865	418251
3962	428711
3395	367568
4370	472707
4395	475403
1983	215305
1337	145643
G70#817157#856793	118.49195	26.2732	118.28289	26.29896	[]
847	92804
673	74040
572	63149
654	71992
602	66384
428	47621
807	88491
1462	159123
2354	255312
2485	269438
3389	366921
3393	367352
4127	446504
2966	321307
2917	316023
3003	325297
3003	325297
2926	316993
3918	423966
2596	281408
2123	230401
1728	187807
1029	112430
922	100892
G15#885290#891378	119.57776	26.71848	119.67433	26.81006	null
704	20131
707	20205
629	18280
616	17959
698	19983
665	19169
1314	35189
1650	43483
2608	67132
2993	76635
5783	145507
8747	218674
8791	219760
3978	100950
3317	84633
3685	93717
3145	80388
2779	71353
3917	99444
3111	79548
2954	75672
1719	45186
1165	31511
745	21143
G72#805221#803603	117.87833	25.53315	117.99602	25.51326	[]
988	9717
575	5611
596	5819
689	6744
462	4487
618	6038
914	8981
969	9528
1668	16479
1750	17294
2356	23319
1966	19442
2484	24592
1866	18447
2035	20128
2328	23041
2779	27526
2060	20376
2576	25507
2192	21689
1860	18388
1396	13774
1263	12451
1029	10125
G15#813265#1231996	119.55441	26.2223	119.5328	26.2799	null
319	14457
352	15622
301	13821
311	14174
375	16435
233	11419
588	23958
898	34907
962	37167
786	30951
965	37274
1033	39675
1148	43737
1109	42359
1122	42819
1055	40452
1096	41901
1108	42324
824	32293
687	27455
782	30810
671	26889
456	19296
393	17070
G76#1241395#907273	116.7067	25.21971	116.64	25.32897	null
691	14626
724	15290
669	14183
555	11888
379	8345
690	14605
914	19114
1661	34151
2437	49771
2219	45383
3326	67666
3141	63942
3397	69095
2871	58507
3210	65331
2918	59453
2817	57420
2738	55830
3381	68773
2655	54159
2366	48342
2055	42082
1412	29139
928	19396
G15#868143#49430327	117.25	23.70856	117.33994	23.77021	null
1155	3464
860	2594
719	2178
749	2266
796	2405
1120	3361
1689	5039
3203	9505
5250	15543
5273	15611
5519	16337
5279	15629
6070	17962
4758	14092
3812	11302
4924	14582
5382	15933
4606	13644
6919	20467
6644	19656
6638	19638
5639	16691
3226	9573
1778	5302
G76#839499#708148	116.42122	25.6404	116.33058	25.75853	null
652	13840
446	9694
510	10982
392	8607
490	10580
471	10197
535	11485
1033	21510
1591	32742
1449	29883
1985	40672
1736	35660
1996	40894
1599	32903
1896	38881
1996	40894
1953	40028
1680	34533
1911	39183
1585	32621
1285	26582
874	18309
522	11224
519	11163
G76#671251#14943356	117.45475	24.65355	117.57603	24.62063	[0, 0, 0, 0, 0, 0, 0, 0, 0, 2, 1, 0, 0, 2, 1, 0, 0, 0, 2, 0, 0, 0, 1]
196	5402
96	2953
64	2169
45	1704
128	3736
169	4740
219	5964
625	15905
788	19896
1001	25111
1341	33436
1450	36105
1588	39483
1556	38700
1161	29029
1139	28490
1058	26507
1221	30498
1007	25258
964	24205
1005	25209
669	16982
506	12992
202	5548
G3#12511929#857368	118.0666	27.48625	118.21942	27.58977	[0, 0, 0, 0, 0, 0, 0, 0, 0, 0, 0, 0, 0, 0, 0, 0, 0, 0, 0, 0, 0, 0, 0, 0]
394	3304
339	2838
306	2558
274	2287
203	1685
347	2906
573	4822
1451	12264
2833	23980
3090	26159
3470	29380
3366	28499
3392	28719
2831	23963
2766	23412
3073	26015
3002	25413
3336	28244
3464	29329
2664	22547
2853	24149
1748	14782
946	7984
715	6025
G76#1347395#708157	116.11034	25.91667	116.32325	25.75989	null
1958	10121
1992	10297
1583	8183
1498	7744
1632	8437
1773	9165
1903	9837
2542	13139
3798	19629
3832	19804
4731	24450
4027	20812
4931	25483
3831	19799
3655	18890
4211	21763
4389	22682
3626	18740
4601	23778
3416	17655
3340	17262
3074	15888
2385	12328
2821	14580
G15#49430554#49430129	117.86469	24.36461	117.79712	24.43931	null
495	4045
290	2424
245	2069
154	1350
160	1397
156	1365
589	4787
1497	11964
2007	15995
2062	16429
2687	21369
2356	18753
2651	21085
1730	13805
1901	15157
2119	16880
2289	18224
2624	20871
3783	30032
3858	30625
3993	31691
3795	30126
1812	14454
731	5910
G72#1785980#1325858	118.26023	25.26736	118.32805	25.20886	[]
374	1105
239	818
187	707
175	682
149	626
403	1167
416	1195
759	1925
1245	2960
1539	3586
1791	4122
1619	3756
1756	4047
1740	4013
1768	4073
1937	4433
1848	4243
1635	3790
1922	4401
1784	4107
1633	3786
1379	3245
864	2149
529	1435
G76#14943385#12472708	117.57603	24.62063	117.62363	24.59075	null
747	18893
497	12771
360	9417
325	8560
327	8609
432	11180
1252	31257
3257	80348
5449	134017
5241	128924
6920	170033
6521	160264
6807	167267
5559	136710
5446	133944
7249	178089
5619	138179
6412	157595
7033	172800
6511	160019
6714	164990
5748	141338
2945	72709
1197	29910
G76#85384872#85384869	116.73135	25.19062	116.7067	25.21971	null
21	1139
31	1340
32	1360
34	1401
39	1501
35	1421
160	3937
93	2588
326	7278
363	8023
429	9352
385	8466
257	5890
246	5668
335	7460
381	8386
308	6916
351	7782
278	6312
276	6272
266	6071
190	4541
92	2568
42	1562
G25#801684#14809713	117.36377	26.0116	117.33374	25.9576	[]
317	5055
209	3285
180	2810
194	3040
224	3531
207	3253
387	6202
774	12543
1486	24209
1631	26585
1754	28600
1753	28584
1921	31337
1690	27552
1642	26765
2032	33156
1713	27929
1668	27192
1571	25602
945	15345
835	13542
734	11887
674	10904
487	7841
G15#49798903#12511811	118.85927	25.18738	118.88168	25.25534	[]
1076	18085
899	15359
652	11555
620	11063
637	11324
855	14681
1415	23305
2465	39475
3068	48761
3177	50440
4464	70259
3988	62929
3980	62806
3487	55214
3606	57046
4048	63853
4077	64300
4159	65562
4642	73001
3644	57631
3534	55937
2582	41277
2088	33669
1494	24522
G70#979450#49418154	117.81546	26.42714	117.99286	26.50809	null
927	101431
889	97333
684	75227
500	55385
588	64875
469	52042
867	94961
1606	174651
2971	321846
2658	288093
3877	419545
3498	378675
4664	504411
3249	351824
3460	374577
4008	433671
3150	341149
3464	375009
3451	373607
2490	269977
2185	237088
1755	190719
1233	134428
853	93451
G25#801701#836362	117.33374	25.9576	117.24877	25.85489	null
623	10069
431	6923
381	6103
319	5088
370	5923
539	8692
894	14509
2139	34909
5078	83065
5488	89783
6346	103841
5557	90913
5887	96320
4214	68908
4162	68056
3580	58520
3572	58389
3731	60994
4149	67843
3267	53392
3163	51687
2314	37776
1535	25012
694	11232
G70#888645#841218	119.11772	26.12061	118.84348	26.17329	[]
740	81266
675	74256
643	70806
510	56463
594	65522
798	87520
1196	130438
2470	267821
3783	409408
3757	406604
4310	466237
4299	465051
4812	520371
3807	411996
4085	441974
4536	490608
4255	460306
2956	320228
2676	290035
1652	179611
2008	218000
2454	266095
1637	177994
860	94206
G15#1136663#14948543	119.38804	25.91921	119.40585	25.93833	null
277	12973
239	11631
138	8064
175	9371
168	9123
214	10748
350	15552
757	29927
1924	71145
1942	71781
2169	79798
2034	75031
1337	50412
1265	47869
1699	63198
2155	79304
1637	61008
1086	41547
596	24240
539	22227
714	28408
743	29432
468	19719
368	16187
G72#811274#803256	117.34146	25.94619	117.35191	25.917	[]
104	1805
66	1091
48	753
57	922
46	715
53	847
54	866
74	1241
142	2519
260	4736
215	3891
226	4098
294	5376
257	4680
377	6935
301	5507
227	4116
220	3985
251	4568
181	3252
185	3327
173	3102
132	2331
94	1617
G76#1776645#14726434	116.62557	25.36101	116.48553	25.50589	null
761	16035
516	11103
596	12713
516	11103
556	11908
435	9472
796	16739
1807	37090
2603	53112
2266	46329
3394	69034
3625	73684
4392	89123
3497	71108
3473	70625
3677	74731
3249	66116
3842	78052
4151	84272
3280	66740
3307	67283
2795	56977
1474	30387
918	19195
G76#1548871#85385129	116.77843	25.18305	116.73135	25.19062	null
305	6856
328	7319
371	8184
321	7178
300	6755
409	8949
460	9976
984	20523
1378	28454
1466	30226
1846	37875
1698	34895
1671	34352
1504	30990
1524	31393
1531	31534
1556	32037
1429	29481
1823	37412
1460	30105
1167	24207
1061	22073
579	12371
486	10499
G1501#49507484#49379677	119.27573	26.12512	119.25147	26.11522	null
3	10
3	10
0	8
1	9
3	10
1	9
2	9
9	13
19	18
20	18
29	23
31	24
10	13
23	20
25	21
16	16
24	20
24	20
23	20
4	10
16	16
9	13
7	12
5	11
G72#14667029#814761	117.2125	26.18586	116.93168	26.18115	[]
577	3714
577	3714
526	3380
299	1897
343	2185
337	2146
459	2943
876	5667
1191	7725
1661	10796
1637	10639
1970	12815
1620	10528
1615	10495
1796	11678
1218	7902
1556	10110
1305	8470
1866	12135
1175	7621
1250	8111
1116	7235
913	5909
743	4798
G15#1231993#14726726	119.5328	26.2799	119.50012	26.34652	null
715	28444
820	32152
1403	52743
688	27490
797	31339
831	32540
1304	49247
1976	72982
2773	101132
2833	103251
3783	136805
3167	115048
3548	128505
3430	124337
3045	110739
3411	123666
3670	132814
2789	101697
2808	102368
2243	82412
2295	84249
2198	80823
1521	56911
876	34130
G25#85080956#85413472	118.51797	27.09162	118.36765	27.06965	[11, 14, 9, 10, 10, 7, 13, 22, 56, 99, 58, 68]
53	2309
88	3982
21	779
55	2405
85	3839
60	2644
123	5656
260	12206
546	25881
697	33101
870	41372
827	39317
735	34918
703	33388
811	38552
710	33722
767	36448
604	28654
557	26407
415	19618
423	20000
293	13784
246	11537
116	5321
G25#85168595#85404278	118.75	27.50337	118.67688	27.45753	null
52	2261
36	1496
19	683
25	970
22	826
1	-176
20	731
228	10676
348	16414
351	16557
421	19904
450	21291
380	17944
356	16796
315	14836
507	24016
385	18183
361	17035
530	25116
254	11919
345	16270
199	9290
81	3648
48	2070
G1501#1190457#14157230	119.30269	26.14113	119.35656	26.22172	null
532	1566
364	1068
329	964
284	831
324	949
302	884
878	2591
2246	6645
2986	8838
3162	9359
3324	9839
3220	9531
3001	8882
2572	7611
2558	7569
2535	7501
2494	7380
1701	5030
998	2947
772	2277
1076	3178
1141	3370
871	2570
496	1459
G72#1817405#14726322	117.42369	25.83655	117.57497	25.7736	[]
863	16068
588	10900
606	11239
449	8288
476	8796
547	10130
882	16425
1272	23754
2778	52054
2582	48371
2870	53783
2714	50852
3738	70095
2917	54666
3230	60548
2940	55099
2734	51228
2730	51153
3279	61469
2779	52073
2730	51153
2337	43767
1381	25802
1019	19000
G25#1130053#1341312	117.77199	26.40481	117.66816	26.32644	[0, 10, 9, 11, 7, 11, 10, 1, 0, 11, 11, 10, 14, 8, 7, 4, 1, 0, 2, 0, 0, 0, 0, 3]
527	8496
436	7005
466	7496
421	6759
402	6447
394	6317
502	8086
945	15345
1614	26307
1516	24701
2198	35875
2455	40086
3064	50065
2867	46837
2344	38268
2057	33565
2047	33401
2168	35384
2214	36138
1864	30403
1752	28568
1265	20588
878	14247
762	12346
G25#1826199#2252067	118.11765	26.51547	118.12856	26.59182	[0, 0, 0, 0, 0, 0, 0, 0, 0, 0, 0, 0, 0, 0, 0, 0, 0, 0, 0, 0, 0, 0, 0, 0]
227	7991
221	7781
148	5232
151	5337
147	5197
192	6769
207	7293
344	12076
760	26604
974	34077
1154	40362
1166	40781
1346	47067
1019	35648
1076	37638
1336	46718
1207	42213
1178	41200
1239	43330
871	30479
656	22972
586	20528
412	14451
238	8375
G15#14939473#1620798	117.86606	24.35021	117.83274	24.179	null
439	5376
259	3515
294	3877
270	3628
265	3576
424	5221
642	7476
712	8200
755	8644
1001	11189
1153	12760
1297	14250
1147	12698
1225	13505
1321	14498
1371	15015
901	10154
974	10909
1255	13815
1072	11923
960	10765
814	9255
588	6917
441	5397
G15#566941#717287	118.65951	24.9344	118.67697	24.99013	[115, 93, 77, 72, 89, 107, 160, 355, 524, 804, 920, 673, 570, 799, 639, 675, 643, 601, 495, 361, 288, 308, 290, 210, 0]
2031	19733
1667	16497
1583	15751
1626	16133
1453	14595
1536	15333
2208	21307
3680	34393
5439	50030
5778	53044
8712	79127
7607	69303
8063	73357
6503	59489
7336	66894
8289	75366
8386	76228
7720	70308
9068	82291
6882	62858
6137	56235
4986	46003
3793	35397
2616	24934
G15#1127414#1146028	119.41234	25.94157	119.38862	25.92159	null
475	6838
322	4887
224	3637
201	3344
248	3943
341	5129
364	5423
484	6953
748	10320
735	10154
760	10473
726	10039
724	10013
673	9363
933	12679
1042	14069
1200	16083
644	8993
502	7182
311	4747
385	5690
470	6774
408	5984
387	5716
G72#811271#804866	117.33792	25.94793	117.31523	26.00388	null
260	5540
238	5045
213	4483
147	2997
149	3042
169	3493
205	4302
519	11367
609	13392
846	18724
1194	26554
1192	26509
1123	24957
1086	24124
1098	24394
936	20749
1023	22707
899	19917
884	19579
710	15665
707	15597
467	10197
448	9770
341	7362
G15#1138362#1146027	119.48359	25.97935	119.47668	25.96351	[]
943	12806
817	11199
721	9975
719	9950
774	10651
903	12296
1456	19348
1885	24819
2561	33439
2389	31246
2789	36347
2903	37800
2989	38897
2694	35136
2628	34294
2886	37584
2633	34358
1887	24844
1652	21848
1521	20177
1489	19769
1662	21975
1199	16071
785	10791
G72#850066#848553	118.16492	25.39117	118.16334	25.36061	null
276	831
273	822
290	872
143	446
159	492
212	646
282	848
541	1598
991	2901
1122	3280
1436	4189
1100	3216
1241	3624
1032	3020
1008	2950
1132	3309
962	2817
1331	3885
1193	3486
1497	4365
1298	3789
1322	3859
601	1772
298	895
G76#1243027#85385124	116.70333	25.22651	116.72262	25.19645	null
118	614
44	231
146	758
175	908
223	1156
154	800
86	448
330	1709
543	2810
383	1983
587	3037
491	2541
579	2996
552	2856
560	2898
528	2732
458	2371
571	2954
654	3383
532	2753
647	3347
447	2314
264	1368
253	1311
G76#12544165#14947430	116.96251	25.09407	117.01669	25.05245	null
422	2184
426	2205
312	1616
253	1311
267	1384
350	1812
387	2004
749	3874
1858	9604
1881	9723
2561	13237
2550	13180
2519	13020
2452	12674
3168	16373
2561	13237
2402	12415
2404	12426
2244	11599
1597	8256
1460	7548
1464	7569
837	4329
528	2732
G76#733234#655284	117.62363	24.59075	117.71579	24.5479	null
124	3639
131	3810
40	1582
48	1778
72	2365
150	4275
148	4226
363	9490
624	15881
702	17790
994	24940
773	19529
984	24695
812	20484
812	20484
1055	26433
1027	25748
994	24940
882	22198
829	20900
686	17399
597	15220
493	12673
370	9662
G15#1127396#14948542	119.47668	25.96351	119.41234	25.94157	null
780	10727
867	11837
522	7437
418	6111
507	7246
678	9427
1167	15662
1548	20521
2344	30672
1909	25125
2166	28402
1951	25661
2579	33669
1967	25865
2208	28938
2247	29435
2649	34562
2083	27344
1367	18213
950	12896
1205	16147
1498	19883
927	12602
855	11684
G15#1997147#1231997	119.49308	26.35294	119.52822	26.28985	[]
874	11926
739	10205
511	7297
761	10485
649	9057
1046	14120
1315	17550
1985	26094
2764	36028
2336	30570
2195	28772
2398	31361
2922	38043
2978	38757
3483	45197
4084	52861
4420	57146
2674	34881
1657	21911
1047	14132
1465	19463
1578	20904
1359	18111
963	13061
G76#49383273#1259197	116.96495	25.09364	116.9451	25.1026	null
242	5588
204	4823
185	4440
161	3957
164	4018
167	4078
210	4943
283	6413
574	12270
865	18128
1209	25052
1321	27307
1184	24549
844	17705
1819	37331
3345	68048
1610	33124
1168	24227
1001	20866
424	9251
497	10720
409	8949
346	7681
240	5547
G15#14939500#49430566	117.86625	24.33768	117.86469	24.36461	null
200	1713
88	828
108	986
63	630
43	472
63	630
440	3610
728	5886
1592	12715
1365	10921
1711	13655
1562	12478
1822	14533
1146	9190
1254	10043
1495	11948
1738	13869
1528	12209
2050	16335
1746	13932
2000	15940
1657	13229
682	5523
283	2369
G25#1053660#12511985	117.48415	26.212	117.36377	26.0116	[]
855	13870
988	16049
544	8775
475	7644
370	5923
483	7775
866	14050
1493	24324
2272	37088
2918	47673
4395	71874
3824	62518
4329	70792
3970	64910
3949	64566
3581	58536
3891	63616
3652	59700
3617	59126
2976	48623
2722	44461
2056	33549
1118	18180
977	15869
G72#85238747#1325855	118.39406	25.10247	118.33051	25.20762	[]
847	802
726	697
527	525
471	476
481	485
656	637
1066	992
2086	1876
3509	3109
3113	2766
4904	4318
3920	3465
4085	3608
3427	3038
3940	3482
4614	4066
4554	4015
4239	3741
5600	4921
5542	4870
5369	4721
5051	4445
2306	2067
1338	1228
G15#1437632#2145104	119.54835	26.64029	119.60405	26.57967	[]
556	7871
622	8712
428	6238
393	5792
528	7514
495	7093
845	11556
1300	17359
2138	28045
2215	29027
2662	34727
2894	37686
3240	42098
2527	33006
2531	33057
3269	42468
3576	46383
3200	41588
3669	47569
2884	37559
2527	33006
2084	27356
978	13252
640	8942
G70#850358#829112	118.84348	26.17329	118.73069	26.17958	[]
25	4163
12	2761
15	3085
5	2007
26	4271
11	2654
20	3624
45	6320
82	10310
148	17427
120	14408
100	12251
116	13976
112	13545
98	12036
114	13761
134	15917
82	10310
55	7398
83	10418
92	11388
46	6428
41	5888
28	4487
G1501#1231976#876969	119.52941	26.28497	119.41227	26.23698	null
1405	4468
1146	3661
1072	3431
1263	4026
1163	3714
964	3094
1562	4957
2760	8688
3781	11868
3170	9965
3457	10859
3607	11327
4437	13911
3531	11090
3603	11314
3819	11987
4395	13781
2861	9003
2833	8916
1798	5692
2212	6982
2590	8159
1735	5496
1416	4502
G72#950695#700499	118.53117	24.86554	118.50768	24.91758	[]
1061	12964
676	8733
546	7304
417	5886
497	6766
638	8315
1062	12975
2106	24447
3430	38996
3498	39743
4551	51314
4003	45292
4281	48347
3462	39347
3991	45161
4795	53995
4781	53842
4507	50831
4991	56150
3925	44436
3208	36556
2681	30765
1797	21051
1214	14645
G1514#12837154#790024	118.02885	27.70446	117.99682	27.60968	[13, 23, 13, 8, 10, 17, 18, 29, 66, 103, 99, 97, 79, 91, 101, 106, 88, 111, 79, 46, 66, 46, 26, 22]
2	216
2	216
0	115
3	267
2	216
1	165
4	318
4	318
13	777
6	420
10	624
10	624
7	471
6	420
13	777
17	981
16	930
5	369
12	726
9	573
15	879
12	726
3	267
1	165
G72#14947093#14947104	118.1798	25.30681	118.16571	25.31991	null
31	19
26	-2
16	-46
54	119
9	-77
27	1
34	32
55	124
90	277
104	338
137	482
175	649
166	609
194	732
156	566
205	780
152	548
126	434
128	443
84	251
68	180
65	168
54	119
56	128
G3#14726547#1232066	118.18764	27.16758	118.13144	27.22805	null
222	3803
167	2927
126	2274
102	1891
72	1413
137	2449
192	3325
523	8599
840	13649
958	15529
1272	20531
1018	16484
1142	18460
1267	20452
1238	19990
1210	19543
1130	18269
942	15274
704	11482
628	10271
542	8901
408	6766
329	5508
219	3755
S35#14960332#14968595	118.71038	25.55995	118.78118	25.72972	[43, 50, 38, 22, 24, 77, 169, 172, 227, 254, 246, 258, 232, 271, 272, 288, 291, 275, 204, 152, 150, 102, 104, 58]
2	181
0	172
0	172
1	176
0	172
0	172
1	176
10	216
8	207
6	199
14	234
37	337
19	256
15	238
7	203
16	243
15	238
9	212
21	265
13	229
2	181
7	203
4	190
3	185
G15#640332#14947557	117.4128	23.94432	117.63559	23.96275	null
4547	156939
3428	118629
2579	89564
1758	61457
1625	56903
1712	59881
3088	106989
6719	231298
10355	355778
9785	336264
13061	448419
12987	445885
16502	566223
13413	460470
11023	378647
11874	407782
14505	497855
14301	490871
19052	653523
17870	613057
17567	602684
14861	510043
9755	335237
5747	198022
G15#848152#846739	118.88579	25.26225	118.86114	25.1933	[]
1610	13756
1097	9646
797	7242
776	7074
855	7707
1065	9390
2009	16952
3509	28970
4628	37934
4930	40354
6815	55456
6475	52732
6719	54687
5679	46355
5545	45281
6547	53309
6363	51835
6613	53838
8166	66280
6821	55504
6167	50264
5671	46291
3907	32158
2231	18731
G70#870676#14018321	117.25621	27.12039	117.27496	26.97185	null
472	7408
266	4154
229	3570
261	4075
295	4612
463	7265
392	6144
815	12825
1399	22048
1332	20989
1444	22758
1401	22079
1932	30465
1600	25222
1514	23864
1324	20863
1323	20847
1369	21574
1681	26501
1126	17736
1079	16994
746	11735
598	9397
374	5860
G15#837377#902731	119.54813	26.13362	119.46907	26.00553	[]
815	11174
650	9070
579	8164
514	7335
533	7578
716	9911
1210	16211
1611	21325
2984	38834
4470	57783
2972	38681
2279	29843
2614	34115
2798	36462
3310	42991
3824	49545
3598	46663
2037	26757
1233	16504
985	13342
1181	15841
1480	19654
1098	14783
942	12794
G70#856791#817158	118.28122	26.3004	118.4883	26.27214	[]
814	89245
548	60561
645	71021
447	49670
378	42229
526	58189
775	85040
1331	144996
2779	301142
2911	315376
3319	359373
3764	407359
4343	469796
3313	358726
3175	343844
3303	357648
4207	455130
3616	391400
5059	547006
3388	366813
2961	320768
2230	241940
1837	199561
995	108763
G25#85404386#85404177	118.67688	27.45753	118.68376	27.36065	[27, 15, 21, 15, 14, 19, 20, 32, 46, 73, 65, 61]
241	11298
174	8095
86	3887
144	6660
90	4078
142	6564
288	13545
663	31475
1308	62315
1500	71495
1506	71782
1366	65088
1901	90669
1424	67861
1328	63271
1381	65805
1505	71734
1482	70634
2030	96837
1581	75368
1227	58442
990	47110
546	25881
260	12206
G15#869558#869694	120.11742	26.93138	120.0195	26.87904	null
1003	5445
933	5170
706	4280
704	4272
653	4072
770	4531
1531	7516
2489	11274
3927	16914
3517	15306
4507	19189
4439	18922
6006	25069
4416	18832
4273	18272
4025	17299
5200	21907
5112	21562
7014	29023
5609	23512
5078	21429
3805	16436
2267	10403
1373	6897
G72#848541#848556	118.15791	25.35477	118.16955	25.3855	null
423	1733
271	1068
110	364
170	627
196	740
179	666
506	2096
901	3824
1935	8347
1856	8001
2295	9922
2102	9078
2540	10993
2159	9327
2128	9191
2275	9835
2247	9712
2437	10543
2866	12420
2837	12293
3039	13176
2356	10189
1481	6361
717	3019
G70#829117#12512004	118.73069	26.17958	118.49195	26.2732	[]
891	97548
544	60130
602	66384
460	51071
514	56895
577	63688
683	75119
1061	115881
1719	186836
1898	206139
2657	287985
2766	299740
2909	315160
2479	268791
2993	324218
2840	307720
2806	304053
1961	212932
1949	211638
1352	147261
1656	180043
1477	160740
1201	130977
1114	121596
G72#800156#14947545	117.35191	25.917	117.42369	25.83655	[]
163	2914
66	1091
107	1861
98	1692
55	884
52	828
128	2256
199	3590
353	6484
486	8984
511	9453
405	7461
624	11577
430	7931
606	11239
520	9623
383	7048
443	8176
517	9566
386	7104
349	6409
309	5657
304	5564
186	3346
S35#87823096#14968478	118.92154	25.84519	118.78588	25.73337	[28, 20, 13, 68, 12, 24, 20, 39, 69, 123, 128, 121, 97, 145, 131, 146, 130, 114, 86, 72, 50, 43, 38, 31]
2	109
0	108
3	109
5	110
3	109
4	110
18	114
19	115
37	121
39	122
27	118
33	120
30	119
29	118
51	126
36	121
34	120
23	116
7	111
4	110
5	110
3	109
11	112
6	111
G72#772484#772486	118.52739	24.82435	118.52851	24.82182	null
378	7251
271	5654
272	5669
215	4818
208	4714
250	5341
434	8087
724	12415
1224	19878
1343	21654
1981	31176
1742	27609
1557	24848
1365	21983
1741	27594
2004	31520
1768	27997
1947	30669
2185	34221
1380	22206
1120	18326
1025	16908
653	11356
488	8893
G25#1128431#979456	117.77106	26.39778	117.81017	26.4288	null
61	2194
57	2054
37	1356
58	2089
52	1879
43	1565
77	2753
228	8026
496	17385
553	19375
647	22658
639	22378
607	21261
403	14137
695	24334
709	24822
761	26638
675	23635
595	20842
467	16372
378	13264
462	16197
314	11029
163	5756
G15#847252#869571	120.20151	26.97946	120.11742	26.93138	null
268	2562
347	2872
167	2166
178	2209
209	2331
256	2515
370	2962
500	3472
652	4068
694	4233
918	5112
883	4975
838	4798
930	5159
929	5155
801	4653
897	5029
797	4637
917	5108
873	4935
702	4265
456	3299
335	2825
384	3017
G76#1435384#1188130	117.01669	25.05245	117.11343	24.96342	[]
213	1105
208	1079
199	1032
201	1043
181	939
224	1161
254	1316
487	2520
866	4479
1150	5946
1572	8127
1310	6773
1382	7145
1310	6773
1328	6866
2943	15211
3263	16864
1952	10090
1737	8979
2366	12229
2185	11294
1090	5636
800	4138
509	2634
G70#1465613#12511851	117.99286	26.50809	118.11765	26.51547	[]
452	50209
390	43523
249	28318
300	33818
225	25730
226	25838
293	33063
665	73178
977	106822
979	107038
1524	165808
1522	165593
1851	201070
1509	164191
2115	229539
2044	221883
1495	162681
1316	143378
1253	136585
1001	109410
948	103695
818	89677
603	66492
475	52689
G70#1121696#14018305	117.27496	26.97185	117.28183	26.95666	null
36	522
23	317
20	269
45	664
40	585
37	538
37	538
40	585
66	996
68	1027
83	1264
92	1406
114	1754
118	1817
133	2054
114	1754
109	1675
119	1833
142	2196
83	1264
63	948
67	1011
57	853
55	822
G15#1144063#827541	119.16554	25.45406	119.07609	25.382	null
1373	7972
1056	6362
744	4778
768	4900
895	5545
1384	8027
2526	13824
4575	24226
6632	34668
6276	32861
7430	38719
7676	39968
7915	41181
6246	32709
6971	36389
7846	40831
8065	41943
7614	39653
8822	45785
6782	35430
4988	26322
4297	22815
2763	15028
2154	11936
G15#49798900#755076	118.86114	25.1933	118.81536	25.11669	null
1020	9029
720	6625
612	5760
622	5840
647	6041
717	6601
1267	11008
2523	21070
3669	30251
3903	32126
5443	44464
5107	41772
5423	44304
4045	33264
4161	34193
4600	37710
5365	43839
5321	43487
6235	50809
4995	40875
3968	32647
3378	27920
2040	17201
1221	10639
G15#1138361#1133584	119.48947	25.97489	119.46699	25.99767	null
57	5203
52	5026
43	4708
32	4320
30	4249
44	4744
59	5273
96	6580
165	9017
174	9335
169	9159
145	8311
163	8947
123	7534
131	7817
160	8841
117	7322
97	6616
182	9618
169	9159
193	10006
154	8629
92	6439
35	4426
G25#85404432#85413440	118.51622	27.08727	118.65304	27.15824	[21, 31, 20, 17, 18, 20, 36, 66, 140, 212, 187, 156]
554	26264
259	12158
207	9672
187	8716
189	8812
239	11202
446	21100
1236	58872
2569	122608
2762	131836
3619	172812
3137	149766
3695	176446
2503	119452
2428	115866
2864	136713
3143	150053
3529	168509
3920	187204
2986	142546
3268	156030
2661	127007
1246	59350
726	34487
G70#1465545#979429	117.99932	26.51204	117.81573	26.4272	[]
812	11601
691	9938
604	8743
583	8454
545	7932
724	10392
974	13828
1646	23063
2254	31418
2286	31858
2927	40667
2532	35239
3264	45298
2764	38427
2783	38688
2952	41010
2632	36613
2442	34002
2732	37987
2140	29852
1979	27639
1580	22155
1266	17840
854	12178
G70#49600273#888638	119.14415	26.10598	119.11772	26.12061	null
36	5349
33	5026
22	3840
4	1899
10	2546
25	4163
70	9016
228	26054
355	39749
350	39210
372	41582
420	46758
400	44601
342	38347
429	47729
389	43415
473	52474
265	30044
203	23358
162	18937
205	23574
213	24436
114	13761
95	11712
G25#2253672#1826203	118.12947	26.59462	118.12092	26.51816	[0, 0, 0, 0, 0, 0, 0, 0, 0, 0, 0, 0, 0, 0, 0, 0, 0, 0, 0, 0, 0, 0, 0, 0]
359	5743
272	4318
253	4006
184	2875
158	2450
222	3498
382	6120
768	12445
1249	20326
1148	18671
1581	25766
1681	27404
1676	27322
1106	17983
1354	22047
1288	20965
1186	19294
1346	21915
1542	25127
1257	20457
1164	18933
1161	18884
770	12477
399	6398
G72#714546#14947528	116.8202	26.20642	116.71859	26.26735	[]
369	2355
488	3132
284	1799
156	963
105	630
164	1015
271	1714
448	2871
909	5883
822	5314
837	5412
1076	6974
1193	7738
1144	7418
1092	7078
931	6026
837	5412
673	4341
1320	8568
755	4877
631	4066
618	3982
490	3145
603	3884
G72#1325856#85415218	118.32805	25.20886	118.39152	25.11343	[]
154	637
161	652
128	582
136	599
107	537
240	820
249	839
601	1589
873	2168
920	2268
1291	3057
1170	2800
1080	2608
1115	2683
1354	3192
1330	3140
1465	3428
1367	3220
1369	3223
1085	2619
781	1972
671	1738
525	1427
363	1082
G15#1231987#813250	119.52822	26.28985	119.55129	26.22963	null
1116	15012
904	12309
920	12513
1025	13852
844	11544
901	12271
1361	18136
2312	30264
3033	39459
2602	33962
2736	35671
3220	41843
3768	48831
2893	37673
2989	38897
2924	38068
3043	39586
2637	34409
2220	29091
1594	21108
2292	30009
2271	29741
1544	20470
978	13252
G76#708153#839489	116.32325	25.75989	116.41504	25.64715	null
601	3109
636	3290
380	1967
453	2345
312	1616
316	1637
533	2758
1127	5827
1667	8618
1781	9207
2701	13960
2285	11811
2729	14105
1854	9584
1931	9982
2677	13836
2122	10969
2100	10855
2148	11103
1823	9424
1419	7336
1286	6649
902	4665
675	3492
G70#818739#14947546	118.4883	26.27214	118.72864	26.18129	[]
990	108224
601	66276
467	51826
591	65198
481	53336
731	80295
852	93343
1615	175621
2648	287015
2386	258762
3199	346433
3175	343844
3774	408438
3087	334355
3099	335649
3709	401428
3696	400027
2607	282594
2628	284859
2128	230941
2116	229647
2056	223177
1171	127743
946	103479
G70#829115#841220	118.72864	26.18129	118.84055	26.1726	[]
38	5565
34	5134
8	2330
13	2869
25	4163
49	6752
94	11604
128	15270
315	35436
257	29181
320	35975
367	41043
350	39210
277	31338
267	30260
476	52797
483	53552
342	38347
296	33387
184	21309
226	25838
332	37269
85	10633
40	5781
G76#1775148#1241409	116.63854	25.3351	116.70333	25.22651	null
489	2531
288	1492
448	2319
274	1420
348	1802
363	1880
569	2944
1504	7775
2645	13671
2747	14198
3497	18073
3465	17908
3503	18104
3215	16616
3277	16937
3607	18642
2968	15340
3528	18234
3279	16947
2633	13609
3078	15908
2856	14761
1479	7646
912	4716
G15#2143561#2145031	119.555	26.50422	119.60355	26.5733	[]
987	38050
682	27278
584	23817
482	20214
595	24205
780	30739
1216	46139
2368	86827
3180	115507
3426	124196
4274	154147
4614	166156
5444	195471
4004	144611
3347	121406
4284	154500
4580	164955
3741	135321
4839	174103
4112	148425
4272	154076
3478	126033
1967	72664
1326	50024
G3#14726552#1232040	118.12754	27.23493	118.18505	27.17019	null
248	5923
177	4349
73	2044
100	2643
123	3153
156	3884
252	6012
618	14125
880	19933
1078	24321
1268	28533
1019	23014
1398	31415
1467	32945
1368	30750
1357	30506
1383	31082
1291	29043
981	22171
737	16763
515	11842
525	12063
341	7985
343	8029
G72#1056282#811317	117.353	25.91195	117.33792	25.94793	[]
223	4708
214	4505
184	3830
191	3988
146	2975
181	3763
206	4325
247	5248
371	8037
402	8735
559	12267
463	10107
482	10535
406	8825
495	10827
597	13122
441	9612
475	10377
450	9815
441	9612
333	7183
329	7092
263	5607
282	6035
G15#2145040#1428116	119.60355	26.5733	119.54882	26.63406	null
749	29644
492	20567
497	20744
413	17777
320	14492
421	18059
731	29009
1495	55993
1987	73370
2296	84284
2675	97670
2933	106783
3715	134403
2664	97282
2621	95763
2793	101838
3143	114200
3050	110915
4063	146695
3343	121264
3271	118721
1907	70545
1267	47940
767	30280
G15#896790#1141380	119.46907	26.00553	119.48359	25.97935	null
272	4249
199	3318
129	2426
83	1839
129	2426
119	2298
226	3663
473	6812
388	5729
406	5958
365	5435
418	6111
422	6162
376	5576
384	5678
358	5346
251	3981
253	4007
321	4874
188	3178
194	3255
237	3803
152	2719
175	3012
G15#649513#14939440	117.79221	24.44517	117.85846	24.37765	null
491	5914
417	5149
424	5221
221	3121
257	3494
280	3732
740	8489
1258	13846
1892	20403
1995	21469
2215	23744
2285	24468
2612	27850
1800	19452
1713	18552
2226	23857
2231	23909
2040	21934
3427	36278
3522	37261
4096	43198
2870	30518
1667	18077
1019	11375
G15#2245091#2143555	119.49966	26.46693	119.555	26.50422	[]
718	28549
580	23675
532	21980
586	23887
517	21450
566	23180
711	28302
1066	40841
1431	53732
1418	53273
1505	56346
1343	50624
1525	57053
1434	53838
1394	52426
1642	61185
1644	61256
1179	44832
700	27913
699	27878
1108	42324
1317	49706
759	29998
598	24311
G25#85415290#85413375	118.68568	27.24403	118.65649	27.16118	[15, 14, 11, 10, 16, 15, 23, 37, 47, 75, 70, 62]
70	3122
29	1161
23	874
117	5369
43	1831
48	2070
76	3409
297	13976
685	32527
666	31619
764	36304
638	30280
515	24399
684	32479
551	26120
580	27507
731	34726
543	25738
445	21052
527	24973
337	15888
272	12780
129	5943
89	4030
G1501#49600237#49600284	119.20692	26.11639	119.24133	26.11371	null
536	270
337	177
290	155
277	149
325	172
324	171
865	422
1923	913
3161	1488
3448	1621
4457	2089
4782	2240
4583	2148
3457	1625
3964	1861
4080	1914
3869	1817
2307	1092
1430	685
957	465
1676	799
1732	825
1114	538
675	334
G72#1325857#14505414	118.33051	25.20762	118.26588	25.26212	[]
342	364
233	270
228	266
170	215
172	217
208	248
494	496
661	641
1287	1184
1175	1086
1557	1418
1249	1150
1514	1380
1724	1562
1658	1505
1651	1499
1866	1685
1561	1421
1843	1665
1869	1688
1881	1698
1363	1249
878	829
696	671
G15#891382#14948449	119.67433	26.81006	119.72123	26.83408	null
183	7270
92	5024
58	4184
108	5419
48	3938
187	7369
263	9245
556	16478
1027	28104
1334	35683
1645	43360
1284	34448
1964	51234
2037	53036
1485	39410
1955	51012
1310	35090
1300	34844
1124	30499
953	26278
839	23464
507	15268
306	10307
233	8505
G15#1138297#858509	119.46699	25.99767	119.5466	26.13074	[]
1881	69627
1443	54156
1080	41335
1017	39110
1039	39887
1287	48646
2599	94986
4824	173573
11505	409545
12217	434693
10056	358367
8774	313087
9979	355647
9537	340036
10137	361228
8775	313122
7595	271444
5630	202041
4447	160257
3768	136275
5021	180531
5329	191410
3720	134580
2450	89723
G70#14018291#14947460	117.28145	26.95691	117.26165	27.1082	null
259	24945
159	14946
99	8946
108	9846
103	9346
174	16446
374	36444
330	32044
552	54243
637	62742
796	78641
678	66842
849	83940
1040	103039
845	83540
940	93040
1049	103939
917	90740
949	93939
737	72741
631	62142
509	49943
405	39544
232	22245
G70#87823542#12511872	119.24856	25.97671	119.17948	26.04897	[]
1060	115773
717	78785
628	69188
596	65737
418	46543
631	69512
1645	178856
3513	380292
5756	622167
4759	514656
5613	606747
6221	672310
7083	765264
5436	587660
5479	592297
5929	640823
6486	700887
4077	441112
3093	335002
2224	241293
2846	308367
3152	341364
2255	244636
1404	152868
G15#852820#14948499	119.88133	26.85485	119.72695	26.83617	[148, 102, 107, 132, 98, 107, 106, 123, 173, 203, 191, 0, 0, 3, 351, 675, 243, 264, 189, 154, 132, 146, 134, 131]
1837	8717
1744	8352
1312	6657
1449	7195
1278	6524
1514	7449
2085	9689
3166	13929
3968	17075
3923	16898
4753	20154
6138	25587
10125	41225
11570	46893
11822	47882
8221	33757
5125	21613
5153	21723
6940	28732
4982	21052
4349	18570
3204	14078
2442	11090
1833	8701
G1514#12835119#14809722	118.07061	27.44976	118.09832	27.45893	null
19	652
22	698
20	667
28	791
15	590
18	636
33	868
83	1640
249	4205
227	3866
322	5333
385	6307
312	5179
238	4036
310	5148
290	4839
363	5967
321	5318
297	4947
149	2660
223	3804
111	2073
58	1254
25	744
G25#85080965#85168403	118.36765	27.06965	118.35309	27.05102	null
145	6708
163	7569
105	4795
130	5990
111	5082
139	6421
160	7425
302	14215
912	43381
1187	56530
1530	72930
1591	75846
1223	58251
685	32527
953	45341
1439	68579
1397	66571
1134	53995
1116	53135
962	45771
659	31284
589	27937
340	16031
216	10103
S35#87823379#87823235	119.08356	25.89774	118.99716	25.86014	[11, 7, 0, 5, 4, 5, 13, 41, 70, 116, 130, 106, 82, 101, 102, 108, 94, 112, 87, 63, 61, 34, 19, 9]
159	436
157	433
165	444
169	450
152	425
165	444
427	830
767	1330
1212	1985
1249	2039
1315	2136
1748	2774
1886	2977
1588	2539
933	1574
1125	1857
1178	1935
1105	1827
718	1258
507	948
753	1309
886	1505
409	803
206	505
G72#1961192#1781776	117.58144	25.77209	117.42677	25.83099	[]
937	20772
904	20029
654	14405
545	11952
455	9927
645	14202
602	13235
1103	24506
1592	35509
2012	44958
2543	56905
2463	55105
2531	56635
2913	65229
2980	66737
2289	51190
2425	54250
2232	49908
2315	51775
2011	44935
1567	34946
1372	30559
1459	32516
1067	23697
G76#647947#778894	117.78334	24.49109	117.72157	24.5432	null
925	23251
645	16395
587	14975
653	16591
556	14216
786	19847
1077	26972
2385	58997
4949	121775
4549	111981
6226	153041
4898	120526
6108	150152
4595	113108
5040	124003
5817	143027
5910	145304
6151	151205
7154	175762
5691	139942
4970	122289
4457	109729
1998	49522
1059	26531
G76#714036#14943348	117.62994	24.58691	117.59117	24.61439	null
65	2194
41	1606
26	1239
46	1729
33	1411
48	1778
118	3492
208	5695
505	12967
457	11792
594	15146
573	14632
800	20190
711	18011
569	14534
588	14999
586	14951
629	16003
646	16419
399	10372
380	9906
322	8487
170	4765
101	3075
G72#714501#811753	116.81305	26.20971	116.92951	26.18114	[]
373	1396
236	964
212	889
186	807
145	677
185	804
203	860
359	1352
701	2430
428	1569
820	2805
621	2177
892	3031
649	2266
743	2562
608	2137
671	2335
762	2622
679	2360
614	2155
543	1932
460	1670
331	1264
305	1182
G25#767508#1013987	116.69329	25.53049	116.76389	25.6575	null
657	8912
587	7979
551	7499
532	7245
541	7365
464	6338
516	7031
820	11087
1480	19891
1677	22519
2202	29523
2028	27201
2047	27454
2003	26868
2065	27695
2378	31870
1841	24707
1905	25560
1913	25667
1582	21252
1487	19984
1133	15262
1000	13488
761	10300
G70#49600268#1329261	119.13029	26.11047	119.17559	26.05506	[]
8	2330
5	2007
150	17643
0	1468
0	1468
9	2438
29	4595
96	11819
97	11928
74	9447
169	19692
181	20986
128	15270
102	12467
87	10849
90	11172
118	14192
79	9986
46	6428
74	9447
47	6536
32	4918
26	4271
62	8153
G70#1340176#1278377	119.17559	26.05506	119.2381	25.9833	[]
393	43847
499	55277
280	31661
218	24976
319	35867
316	35544
468	51934
1209	131840
1811	196757
2589	280653
2843	308043
3191	345570
3332	360774
2387	258870
2797	303083
3277	354844
2978	322601
1911	207540
929	101646
799	87628
1296	141222
1239	135075
987	107901
662	72854
G76#840922#571330	116.41504	25.64715	116.48491	25.51403	null
481	2489
331	1714
229	1187
284	1471
296	1533
290	1502
392	2029
798	4127
1347	6964
1459	7543
1756	9077
1604	8292
2025	10467
1700	8788
1633	8442
1924	9945
1491	7708
1666	8612
1778	9191
1654	8550
1221	6313
879	4546
793	4101
488	2526
G15#756599#846735	118.80877	25.11211	118.85927	25.18738	null
845	14527
678	11955
533	9722
573	10339
608	10878
769	13357
1380	22766
2545	40707
4310	67888
5062	79469
7144	111531
6968	108820
7551	117799
4730	74356
5042	79160
6255	97841
6346	99242
6815	106464
7517	117275
5945	93067
5287	82934
4071	64207
2419	38767
1282	21257
G72#804912#811290	117.31236	26.01122	117.321	25.95189	null
401	7386
283	5169
227	4116
238	4323
231	4191
194	3496
370	6804
597	11069
1141	21292
1039	19375
1595	29824
1362	25445
1587	29673
1396	26084
1512	28264
1477	27606
1323	24712
1458	27249
1742	32586
1378	25746
1469	27456
1078	20108
859	15993
455	8401
G15#2143562#49392476	119.60405	26.57967	119.5567	26.50969	[]
749	10332
562	7948
501	7170
457	6608
474	6825
447	6481
916	12462
1255	16785
2072	27203
1610	21312
2042	26821
2478	32381
2379	31118
2489	32521
2867	37342
3319	43106
3620	46944
2717	35429
2327	30455
1665	22013
1829	24105
1756	23174
1209	16198
848	11595
G76#1373826#1266929	117.01963	25.05148	116.96495	25.09364	[]
441	9593
320	7158
348	7721
326	7278
292	6594
214	5024
400	8768
653	13861
1512	31151
1805	37049
2516	51361
2610	53253
2649	54038
2013	41236
2054	42061
2667	54401
2030	41578
2092	42826
2283	46671
1670	34332
1986	40693
1320	27287
790	16618
540	11586
G25#1052213#1884941	117.4796	26.20968	117.54922	26.24718	[]
114	2607
30	570
34	667
27	497
34	667
19	304
67	1467
92	2074
295	6998
277	6562
494	11826
462	11050
421	10055
411	9812
452	10807
444	10613
641	15392
567	13597
390	9303
253	5980
223	5252
206	4839
99	2244
57	1225
G72#1781815#1056288	117.42677	25.83099	117.353	25.91195	[]
580	12740
527	11547
365	7903
283	6058
316	6800
427	9297
510	11165
1151	25587
1532	34159
1477	32921
1889	42191
1853	41381
1874	41853
1613	35981
1667	37196
1467	32696
1479	32966
1743	38906
1860	41538
1502	33484
1244	27679
1100	24439
846	18724
662	14585
G25#1776642#14947428	116.62513	25.37022	116.4678	25.22564	[53, 60, 59, 47, 48, 48, 51, 56, 117, 168, 227, 174, 155, 172, 240, 208, 240, 198, 107, 140, 143, 103, 103, 81, 0]
222	4306
249	4805
149	2955
138	2752
223	4324
269	5175
287	5508
931	17417
1097	20486
1327	24740
1658	30860
1339	24961
1404	26163
1450	27014
1434	26718
1628	30306
1685	31360
1614	30047
1926	35817
2296	42659
2063	38350
1432	26681
1123	20967
509	9613
G25#14726377#801703	117.24719	25.84803	117.32351	25.94571	null
447	10686
469	11219
266	6295
284	6731
310	7362
473	11316
983	23688
1858	44915
3313	80212
2988	72328
3110	75287
3459	83754
3557	86131
2907	70363
3370	81595
2909	70412
3162	76549
3237	78368
3913	94768
3026	73250
2739	66287
2026	48991
1149	27715
660	15853
G25#979452#1130072	117.81573	26.4272	117.77199	26.40481	null
28	320
22	221
23	238
12	58
17	139
25	270
20	188
47	631
82	1204
79	1155
143	2204
152	2351
121	1843
142	2187
167	2597
165	2564
121	1843
134	2056
125	1909
93	1385
93	1385
54	746
31	369
24	254
G76#569879#839466	116.48553	25.50589	116.42122	25.6404	null
319	7138
170	4138
133	3394
171	4158
187	4480
130	3333
296	6675
495	10680
915	19134
830	17423
933	19497
1158	24026
1316	27206
972	20282
1389	28676
1507	31051
1333	27548
1160	24066
1250	25878
1111	23080
927	19376
587	12532
425	9271
233	5406
G76#907278#14947521	116.64	25.32897	116.62557	25.36101	null
1426	29420
901	18853
751	15833
707	14948
683	14464
902	18873
1116	23180
2436	49751
3837	77951
3755	76301
4689	95101
4969	100738
5047	102308
4236	85983
4149	84232
4598	93270
4707	95464
4733	95987
5156	104502
4599	93290
5231	106011
4808	97497
2904	59171
1861	38176
G3#1012226#12511943	118.52103	28.05717	118.51014	27.90877	[0, 0, 0, 0, 0, 0, 0, 0, 0, 0, 0, 0, 0, 0, 0, 0, 0, 0, 0, 0, 0, 0, 0, 0]
398	1813
315	1419
313	1410
329	1486
345	1562
540	2486
1037	4842
1870	8790
2425	11421
2179	10255
2540	11966
2501	11781
2975	14028
2230	10496
1932	9084
2346	11046
2301	10833
2959	13952
3350	15805
2006	9435
1561	7325
1222	5719
911	4245
529	2434
G15#797159#1142998	119.38364	25.89487	119.38804	25.91921	null
118	7357
128	7711
55	5132
75	5839
87	6262
112	7145
226	11172
498	20779
453	19190
539	22227
699	27878
685	27384
677	27101
592	24099
742	29397
817	32046
822	32222
496	20708
499	20814
223	11066
331	14881
452	19154
337	15092
163	8947
G15#1127411#13302720	119.40585	25.93833	119.47346	25.96081	null
2122	78138
1339	50483
1328	50094
1330	50165
1325	49989
1848	68461
3572	129352
5701	204549
6497	232663
6264	224434
7039	251807
7767	277519
8267	295180
6453	231109
6318	226341
7150	255727
6910	247250
4586	165167
4518	162765
3782	136770
5252	188690
4780	172019
3124	113529
2681	97882
G25#85404262#85168601	118.67327	27.44987	118.75	27.50321	null
304	14310
352	16605
310	14597
228	10676
230	10772
252	11824
475	22486
908	43190
1148	54665
1120	53326
1605	76516
1465	69822
1608	76659
1203	57295
1173	55860
1401	66762
1449	69057
1574	75033
1631	77759
1291	61502
1092	51987
722	34296
522	24733
343	16175
G72#1362174#1330333	116.375	26.23119	116.52092	26.26425	null
518	1853
407	1503
433	1585
386	1437
490	1765
588	2073
725	2505
998	3366
1758	5760
1645	5404
1962	6403
2026	6605
1917	6262
1695	5562
1345	4459
1599	5259
1534	5055
1477	4875
2365	7673
1999	6520
1502	4954
1168	3901
904	3069
649	2266
G76#1548867#1262290	116.77222	25.18085	116.93937	25.10602	null
761	3936
488	2526
408	2112
330	1709
329	1704
531	2748
930	4809
2221	11480
3893	20119
3486	18016
4610	23824
4473	23116
4991	25793
3879	20047
3941	20368
8932	46157
8500	43924
8309	42937
10418	53835
8855	45759
9075	46895
3959	20461
1350	6980
940	4861
G25#1886542#1052218	117.55469	26.24723	117.48415	26.212	[]
148	2286
106	1597
105	1581
94	1401
78	1139
86	1270
123	1876
376	6022
543	8758
590	9528
712	11527
651	10528
810	13133
649	10495
525	8463
555	8954
810	13133
742	12019
611	9872
402	6447
344	5498
361	5776
142	2187
86	1270
G3#12834980#14726795	118.06681	27.4546	118.08197	27.36919	null
787	12312
573	9007
540	8497
454	7169
463	7308
529	8327
1003	15649
2100	32594
3739	57910
3845	59548
4508	69788
5344	82702
5184	80230
4308	66699
3818	59131
5039	77991
4660	72136
3889	60227
4151	64274
3507	54327
3233	50094
2559	39684
1331	20715
851	13301
G72#14667049#1715549	116.52092	26.26425	116.71116	26.27044	[]
566	2004
499	1793
324	1242
279	1100
318	1223
333	1270
535	1906
860	2931
1363	4516
1256	4179
1589	5228
1784	5842
1767	5789
1416	4683
1208	4027
1394	4613
1563	5146
1393	4610
1664	5464
1237	4119
1030	3466
939	3180
652	2275
573	2026
G25#49430282#801665	117.32351	25.94571	117.35875	26.00349	[]
48	1006
17	255
18	279
11	110
18	279
7	12
46	958
99	2244
135	3117
209	4912
242	5713
269	6368
229	5397
278	6586
330	7847
299	7095
215	5058
198	4645
257	6077
108	2462
100	2268
86	1928
57	1225
36	715
G15#1297557#2245106	119.50012	26.34652	119.49966	26.46693	[]
1712	63657
1659	61785
1537	57476
1497	56064
1586	59207
2074	76443
2436	89229
3935	142174
5427	194871
5609	201299
6401	229272
7020	251136
7243	259012
6088	218218
6292	225423
6793	243118
6844	244919
4637	166968
4611	166050
3978	143692
4737	170500
4278	154288
2645	96611
1971	72805
G25#85080936#85404162	118.68562	27.23912	118.68675	27.35022	[18, 14, 14, 7, 13, 7, 13, 25, 56, 88, 105, 95]
229	10724
145	6708
125	5751
92	4174
149	6899
145	6708
272	12780
652	30949
1609	76707
1272	60594
1771	84453
1383	65901
1709	81488
1149	54713
1038	49405
1438	68531
1400	66714
1285	61215
1503	71638
941	44767
1111	52896
867	41229
362	17083
185	8620
G72#811787#712968	116.93168	26.18115	116.8202	26.20642	[]
393	2512
495	3178
424	2714
207	1296
298	1891
269	1701
389	2485
556	3576
949	6144
1245	8078
1194	7745
1560	10136
1430	9287
1610	10463
1752	11390
1082	7013
1330	8633
929	6013
1351	8770
632	4073
786	5079
798	5158
523	3361
606	3903
G70#763184#14809791	117.03865	27.25037	117.25621	27.12039	null
280	4375
213	3317
114	1754
256	3996
119	1833
284	4438
257	4012
457	7171
757	11909
549	8624
840	13219
892	14041
1126	17736
1089	17152
1005	15825
890	14009
858	13504
817	12856
1286	20263
817	12856
808	12714
571	8971
484	7597
290	4533
G15#1376147#14947573	117.33994	23.77021	117.3858	23.88387	[]
508	1555
413	1275
335	1045
356	1107
287	903
303	951
505	1546
999	3004
1602	4782
1468	4387
2031	6048
2130	6340
2294	6824
1859	5541
1772	5284
2097	6243
2266	6741
2308	6865
1937	5771
1459	4361
1662	4959
1082	3248
601	1830
428	1319
G72#811780#914090	116.92951	26.18114	117.20311	26.18651	[]
545	1938
399	1478
394	1462
453	1648
314	1210
315	1213
502	1802
705	2442
1004	3384
940	3183
1482	4891
1338	4437
1489	4913
1479	4881
1595	5247
1112	3725
1168	3901
1155	3860
1563	5146
863	2940
968	3271
1008	3397
601	2114
501	1799
G25#728845#14947513	116.2264	25.0	116.22167	25.02319	null
107	2551
55	1891
62	1980
49	1815
31	1587
71	2095
147	3059
272	4646
477	7248
479	7273
552	8200
502	7565
646	9393
493	7451
401	6283
485	7349
469	7146
545	8111
711	10218
604	8860
647	9406
427	6613
212	3884
136	2920
G76#1189670#12511755	117.11571	24.96272	117.02132	25.05085	[]
391	8587
318	7117
298	6715
285	6453
294	6634
312	6997
434	9452
667	14142
1358	28052
1299	26864
1774	36425
1722	35379
1947	39908
1377	28434
1458	30064
1670	34332
1586	32641
1759	36123
2021	41397
1521	31333
1276	26401
1225	25374
857	17967
575	12291
G15#1136665#798768	119.38862	25.92159	119.38663	25.90034	null
560	7922
414	6060
345	5180
395	5818
486	6978
464	6698
698	9682
1512	20062
2226	29167
2187	28670
2359	30863
2840	36997
3284	42659
2497	32623
2354	30800
3169	41193
3069	39917
2177	28543
1762	23250
1337	17830
1897	24972
2326	30443
1184	15879
825	11301
G70#864747#831049	117.26165	27.1082	117.04249	27.24974	null
668	65842
497	48743
437	42744
514	50443
425	41544
378	36844
719	70941
906	89640
1136	112638
1241	123137
1453	144335
1550	154035
1784	177433
1595	158534
1449	143936
1524	151435
1669	165934
1841	183132
1822	181233
1615	160534
1233	122337
892	88240
733	72341
514	50443
G1501#49600593#49600281	119.25147	26.11522	119.20562	26.1165	null
121	68
123	69
49	33
53	35
41	29
105	60
244	129
668	338
1220	611
1081	543
1162	583
1323	662
1390	695
952	479
1062	533
1614	806
1295	648
893	450
475	243
361	187
411	211
651	330
326	169
198	106
G15#855877#872727	119.87643	26.85454	120.01603	26.87782	null
2177	19849
1381	12870
1153	10872
1178	11091
1007	9591
1195	11240
2129	19428
4223	37788
6670	59243
7332	65047
10288	90964
10093	89254
11835	104527
9329	82556
9443	83555
10437	92270
11430	100977
10767	95164
12804	113023
10134	89614
8838	78251
7174	63662
4628	41339
2988	26960
G15#875783#869562	120.01603	26.87782	120.11002	26.92933	null
749	7329
454	4743
360	3919
305	3436
338	3726
571	5769
875	8434
1671	15413
2610	23646
2006	18350
2366	21507
2630	23821
3506	31502
3058	27574
3265	29389
3069	27670
2802	25329
3072	27697
4444	39726
3258	29327
2793	25251
2158	19683
1272	11915
1085	10275
G15#2143563#2245113	119.5567	26.50969	119.49957	26.4669	[]
387	5716
444	6442
346	5193
302	4632
327	4951
372	5525
583	8215
889	12118
1192	15981
1006	13609
1151	15458
1314	17537
1142	15344
1344	17920
1682	22230
2044	26846
1819	23977
855	11684
502	7182
336	5065
619	8674
804	11033
800	10982
528	7514
G76#571306#14947552	116.48491	25.51403	116.6179	25.36815	null
425	2200
269	1394
255	1322
181	939
212	1099
285	1477
455	2355
982	5078
1508	7796
1473	7615
1789	9248
1827	9444
2253	11645
2208	11413
2014	10411
2097	10839
1671	8638
1955	10106
1981	10240
1584	8189
1570	8116
910	4706
781	4039
350	1812
G72#1715550#714504	116.71116	26.27044	116.81305	26.20971	[]
655	2285
497	1787
486	1752
337	1283
329	1257
310	1197
564	1998
1054	3542
1366	4525
1119	3747
1525	5026
1795	5877
1873	6123
1613	5304
1375	4554
1347	4465
1544	5086
1252	4166
1875	6129
1354	4487
1224	4078
1091	3659
710	2458
670	2332
G76#656858#715596	117.72157	24.5432	117.62994	24.58691	null
303	8021
152	4324
132	3835
135	3908
141	4055
249	6699
432	11180
617	15709
1392	34684
1427	35541
1683	41810
1488	37035
1954	48445
1670	41491
1689	41957
1944	48200
1711	42495
1690	41981
1612	40071
1107	27707
1397	34807
1298	32383
743	18794
353	9245
G72#1715556#1330328	116.71859	26.26735	116.52749	26.26169	[]
488	3132
372	2374
450	2884
433	2773
394	2518
438	2806
529	3400
843	5452
1417	9202
1499	9737
1669	10848
1467	9528
1845	11998
1484	9639
1274	8267
1498	9731
1333	8653
1481	9620
1879	12220
1753	11397
1310	8503
1359	8823
1009	6536
673	4341
G15#640315#14947531	117.4137	23.94524	117.3849	23.88994	[]
93	3079
57	2268
45	1997
51	2133
33	1727
60	2335
85	2898
87	2944
194	5354
207	5647
244	6480
256	6750
321	8214
232	6210
275	7178
249	6593
249	6593
254	6705
279	7268
218	5894
306	7876
252	6660
147	4295
110	3461
G72#14947084#49284786	118.16571	25.31991	118.15791	25.35477	[]
148	530
175	649
93	290
102	329
125	430
112	373
255	999
307	1226
465	1917
356	1440
508	2105
359	1453
564	2350
619	2591
624	2613
649	2722
609	2547
574	2394
575	2398
383	1558
314	1257
279	1104
240	933
217	832
G76#1260713#14809751	116.9451	25.1026	116.77843	25.18305	null
634	13478
542	11626
516	11103
442	9613
480	10378
589	12572
761	16035
1608	33084
2651	54078
3214	65411
4210	85460
4026	81756
3585	72879
3329	67726
3589	72959
4040	82038
3744	76079
3088	62875
3373	68612
2289	46792
1953	40028
1738	35701
865	18128
705	14907
G1514#12886019#12885995	119.00904	27.16002	119.03506	27.14863	null
67	113
30	54
36	64
24	44
14	28
18	35
33	59
268	435
517	834
638	1028
628	1012
628	1012
604	974
505	815
451	728
493	796
580	935
590	951
722	1162
525	847
440	711
346	560
212	346
77	129
G25#1884943#1341322	117.54922	26.24718	117.66125	26.32497	[]
622	14931
443	10588
331	7872
462	11050
466	11147
297	7047
498	11923
895	21554
1753	42368
1922	46468
2666	64517
2551	61727
2923	70751
2417	58476
2800	67767
2840	68737
2752	66603
2670	64614
2296	55540
1617	39069
1540	37201
1275	30772
913	21991
536	12845
G70#1278366#1464021	119.2381	25.9833	119.33892	25.92387	null
154	18074
158	18506
94	11604
185	21417
190	21956
172	20015
373	41690
585	64551
1207	131624
1315	143271
1378	150064
1680	182631
1906	207001
1370	149202
1589	172817
1402	152652
1480	161063
878	96147
592	65306
374	41798
722	79324
702	77168
370	41367
304	34249
G25#1341309#1884947	117.66816	26.32644	117.55469	26.24723	[]
705	11412
614	9921
522	8414
490	7890
482	7759
531	8561
589	9512
998	16213
1642	26765
1550	25258
2102	34303
2384	38923
2425	39595
2514	41053
2335	38120
2077	33893
2090	34106
2001	32647
1956	31910
1526	24864
1674	27290
1496	24373
886	14378
795	12887
G70#1464020#800300	119.33892	25.92387	119.38313	25.89894	null
860	94206
544	60130
376	42014
459	50964
417	46435
528	58405
1240	135183
3458	374362
4508	487589
4190	453297
5314	574504
5841	631333
6415	693231
4863	525870
4985	539026
4853	524792
4901	529968
4192	453513
3549	384175
2329	252616
3081	333708
3480	376734
1923	208835
1107	120841
G1501#49600270#49600280	119.13138	26.10974	119.20692	26.11639	null
945	459
617	307
448	229
431	221
522	263
867	423
1916	910
3818	1793
6908	3227
6729	3144
5656	2646
6687	3124
7568	3533
4557	2136
5848	2735
7277	3398
7606	3551
5199	2434
3819	1793
4158	1951
5762	2695
6719	3139
3679	1728
1598	763
G1501#1190452#49489281	119.31069	26.14488	119.27573	26.12512	null
932	469
772	390
618	314
601	305
572	291
710	359
1176	589
2128	1060
3187	1583
4450	2207
5666	2808
5880	2914
6227	3085
4279	2123
4764	2362
5502	2727
5598	2774
4047	2008
3051	1516
2617	1301
3377	1677
3571	1773
2900	1441
1801	898
G15#818296#1134439	119.07214	25.37539	119.15774	25.4489	null
2588	23676
1642	15390
1451	13718
1508	14217
1449	13700
2068	19122
4377	39345
7234	64368
10020	88769
9641	85449
12326	108965
11715	103614
12312	108843
9375	83119
10153	89933
11609	102686
11877	105033
12461	110148
14642	129250
11316	100120
10117	89618
8055	71558
6286	56065
3406	30840
G72#848539#14947117	118.16334	25.36061	118.16681	25.31742	[]
181	556
182	559
152	472
143	446
134	420
188	576
328	981
495	1465
969	2837
747	2195
945	2768
1206	3523
1260	3680
910	2666
971	2843
959	2808
905	2652
989	2895
1265	3694
1376	4015
1203	3515
985	2884
414	1230
248	750
G15#814828#14947585	117.64526	23.96216	117.4137	23.94524	null
1911	44030
1240	28915
1013	23802
906	21392
999	23486
1144	26753
1747	40335
3183	72682
4658	105906
4914	111673
6322	143388
6155	139626
7975	180622
6748	152983
6162	139784
6387	144852
7006	158795
6622	150145
8771	198552
8153	184631
7950	180059
6182	140234
3264	74506
2346	53828
G25#801679#1053718	117.35875	26.00349	117.4796	26.20968	[]
1419	34265
1528	36910
1138	27449
1144	27594
938	22597
1627	39311
1927	46589
3670	88873
6397	155027
6173	149593
7352	178194
6728	163057
7369	178607
6965	168806
6863	166331
7282	176496
7392	179164
6675	161771
7115	172445
5313	128730
4849	117474
3855	93360
2412	58355
1576	38074
G15#860008#813243	119.5466	26.13074	119.55441	26.2223	null
2210	81247
1956	72276
1722	64011
1521	56911
1729	64258
2005	74006
3338	121088
5330	191445
6646	237926
6039	216487
7155	255904
7241	258941
8175	291930
7049	252160
7237	258800
8021	286491
8319	297016
7089	253573
4619	166333
3702	133944
3866	139736
4303	155171
3500	126810
2557	93503
G15#1279275#908786	120.24495	27.24089	120.24187	27.10535	null
635	8857
494	6814
335	4511
371	5032
402	5481
496	6843
847	11928
1410	20085
1997	28589
2115	30298
2905	41743
2697	38729
3249	46726
2851	40961
2686	38570
2658	38165
2671	38353
2547	36557
3552	51116
3029	43539
2779	39918
1892	27067
1562	22286
750	10523
G70#1824629#856794	118.11765	26.51547	118.28122	26.3004	[10, 10, 12, 7, 14, 7, 6, 13, 19, 66, 63, 54, 20, 14, 23, 0, 7, 15, 2, 3, 3, 5, 1, 0]
779	85471
761	83530
543	60022
475	52689
724	79540
586	64659
896	98088
1510	164299
2620	283996
2388	258978
2951	319689
3805	411781
4084	441867
3777	408761
4191	453405
4144	448337
4171	451248
3023	327453
3331	360667
2694	291976
2197	238382
1853	201286
1542	167750
883	96686
G25#85413470#85123796	118.36082	27.06717	118.51622	27.08727	[7, 7, 6, 5, 8, 7, 17, 35, 67, 88, 89, 61]
217	10150
92	4174
55	2405
58	2548
48	2070
87	3935
253	11871
416	19665
759	36065
1028	48927
1304	62124
1043	49645
959	45628
1227	58442
1542	73503
1150	54761
853	40560
981	46680
1116	53135
726	34487
658	31236
514	24351
330	15553
162	7521
G1514#12885993#12886013	119.04283	27.15492	119.01368	27.15364	null
77	135
58	106
35	72
39	78
36	74
79	138
102	172
371	574
595	907
555	848
718	1091
754	1145
1041	1573
532	814
651	991
564	861
723	1098
599	914
1231	1856
726	1103
538	823
421	648
260	408
120	199
