1754	126
1224	109
1138	91
1056	66
1121	77
1564	104
2757	184
6401	345
9844	587
9800	830
12645	752
11137	655
12197	547
11874	750
11581	854
12464	904
12511	873
11133	812
13149	677
8356	488
7391	403
5777	328
4089	235
2335	207
y = 14.73241083347948 * x + 465.93963284965776
1025	19
686	10
956	7
673	11
767	7
811	12
1249	6
2052	19
3981	68
3772	73
3887	109
3972	96
4490	87
3807	134
3725	118
3933	126
4241	112
4022	85
4245	82
3413	88
2751	56
1981	38
1344	40
962	31
y = 30.447450482185136 * x + 795.1398336894381
35	121
55	120
23	103
33	41
62	58
110	97
106	83
211	122
522	288
536	349
677	496
574	415
705	219
612	392
599	590
666	536
656	470
677	426
502	195
498	273
678	253
406	183
130	127
117	120
y = 1.3426363512387989 * x + 42.9499538967425
313	50
285	34
207	27
229	31
236	33
258	36
722	34
1500	84
2575	118
2464	251
3153	248
2324	173
2952	180
2571	247
2599	263
2817	242
2665	265
2661	245
2545	142
1951	143
1604	95
995	89
717	66
346	63
y = 11.087571634563306 * x + 152.6400502672716
177	14
134	12
61	9
190	10
119	6
72	4
247	9
408	7
961	15
543	22
727	23
969	30
922	20
1079	27
696	17
603	31
1034	31
683	28
946	24
718	15
665	16
1211	17
380	19
157	11
y = 32.06186899281156 * x + 13.841692916565762
2301	58
1544	39
1283	46
1368	34
1003	34
1233	31
2797	53
6269	96
10086	181
10593	256
15742	209
16428	191
20045	263
16101	309
13969	291
15018	296
15452	283
15639	262
19115	205
15047	150
11617	147
9529	128
6425	73
3708	76
y = 58.551354958974706 * x + 626.1634061352015
503	312
410	222
385	234
355	208
239	233
360	266
369	247
463	231
716	327
1021	516
1401	541
1225	520
1503	492
1179	575
1104	638
1529	682
1446	568
941	574
1466	552
1044	468
1020	390
888	413
703	347
562	308
y = 2.5927004184036644 * x + -197.59987196390603
2842	175
2099	130
1719	87
1965	75
1909	101
2148	110
4247	232
7728	370
12229	601
12175	973
14220	942
14604	878
13552	785
11031	1000
12257	1029
12310	1125
12951	1114
13833	1068
16726	922
13964	672
13723	517
11886	411
6703	339
3581	265
y = 11.80179723807847 * x + 2337.8825270295674
44	26
47	18
42	22
24	755
49	479
38	27
81	125
158	170
223	145
270	237
211	240
340	231
350	279
236	252
254	226
391	213
380	215
233	185
240	120
90	97
205	100
194	67
193	65
63	46
y = 0.04799963423873759 * x + 172.82006614182828
450	109
454	99
412	77
209	66
331	73
297	70
512	87
1017	131
1474	153
1806	325
1908	352
1897	275
1961	233
2108	286
1967	284
1638	290
1855	311
1749	295
1504	195
1304	212
1320	204
1028	182
778	153
722	135
y = 6.533272150202977 * x + -55.518836436795254
4482	199
3655	114
3291	93
3206	76
3228	80
3712	139
6541	227
11447	517
18073	999
16020	1350
21273	1313
20538	884
20868	655
16217	937
18207	1053
18687	1006
20048	912
19060	841
20805	665
17315	618
15870	476
13545	427
8269	322
5140	234
y = 14.961980711237285 * x + 4082.4782785516054
851	61
458	53
412	42
365	35
345	41
338	49
644	154
1506	357
2797	503
2638	493
3387	489
3146	453
2632	462
2743	581
3414	643
4224	667
3990	720
3002	686
3254	493
2116	327
1903	255
1706	194
1177	144
849	110
y = 5.099835374393274 * x + 293.2132908483786
747	35
386	35
427	28
324	25
633	30
422	42
518	36
645	53
1306	56
1356	73
1865	51
1651	90
1923	65
1806	60
1736	89
1934	71
1784	71
1921	79
2244	66
1695	59
1366	59
1593	52
1123	48
888	44
y = 26.84655537342648 * x + -210.9963927834449
216	55
148	45
145	35
135	30
126	30
162	63
157	33
339	84
516	136
557	190
406	141
351	46
488	99
546	393
601	479
525	228
515	282
502	237
579	189
540	171
409	104
364	122
263	116
270	78
y = 1.1256095539210769 * x + 210.36191876763473
314	144
223	62
181	105
166	142
285	1356
213	213
658	198
1373	522
2331	599
2226	735
1823	694
2113	552
2311	510
1798	712
2382	769
2560	682
2661	809
1586	692
1446	459
1082	319
1303	316
1757	244
1182	209
422	156
y = 1.4386821259401597 * x + 678.5082863165063
1283	71
940	55
930	46
880	32
950	42
1184	50
1775	114
3412	278
5818	458
6146	539
9614	513
8824	424
8402	459
6552	516
7190	585
8488	647
8509	680
8256	634
9851	510
6676	313
5645	229
4646	215
3337	162
2009	109
y = 12.972971621879847 * x + 902.9835405142039
73	81
9	67
28	51
20	35
19	33
37	45
112	124
299	457
564	740
607	885
748	697
660	560
898	573
497	750
568	714
835	600
840	590
656	556
543	468
451	398
430	333
431	238
228	177
105	126
y = 0.9282133714298021 * x + 42.811336351904174
642	20
548	26
449	12
421	22
342	18
624	28
1013	39
1946	113
2706	187
2859	227
3316	203
2981	257
3418	225
2946	252
2875	245
3485	267
3486	205
3340	151
4917	136
3842	74
3842	68
3772	48
1880	48
947	31
y = 9.56858884609708 * x + 1201.2064653594282
6616	233
4885	162
4246	100
4219	94
4055	112
4771	184
8181	349
14436	686
23277	965
22710	1293
27751	1227
27173	1338
28179	1125
22209	1598
24455	1763
27520	1717
28462	1684
26461	1491
33206	1020
26725	791
24487	628
18872	548
12018	451
7222	319
y = 14.788348286329 * x + 5757.217198514672
150	4
135	7
175	8
125	7
137	3
258	1
302	4
783	11
1135	17
1290	29
1511	43
1407	36
1705	34
1117	29
970	43
1137	46
1307	47
1506	44
1720	38
1368	28
1183	26
984	10
528	12
335	9
y = 29.727704514975414 * x + 222.2479324988824
179	34
210	32
181	26
142	26
124	26
158	18
166	13
235	30
279	23
671	44
571	49
689	47
558	49
735	63
771	59
719	53
739	54
458	47
525	46
550	49
522	50
417	43
292	46
225	35
y = 15.193654400129835 * x + -187.5123138718709
565	27
449	19
329	11
234	11
410	9
359	9
771	26
1812	57
2733	114
3162	195
3802	210
3715	155
4019	130
3597	217
3287	237
3732	165
4398	195
3761	169
3516	92
2865	76
2301	75
2113	65
1128	45
766	27
y = 16.93655409615914 * x + 594.175401307177
1154	74
945	67
773	68
784	68
829	57
896	74
1224	50
2257	62
3326	82
3207	146
4364	172
4131	135
5078	130
4664	154
4717	158
3779	160
4503	194
4637	186
5405	179
3601	135
3472	129
2604	118
1719	90
1279	96
y = 31.281069215935666 * x + -739.1040290485371
1227	7
925	12
767	3
692	1
971	4
954	1
1691	4
2787	10
4600	26
4067	37
4987	37
4854	48
5865	37
4602	39
4291	66
4306	62
4448	62
4806	59
6871	34
6290	30
5593	25
4484	13
3135	12
2093	17
y = 63.02820706623997 * x + 1857.9074264670405
245	40
143	47
159	38
154	23
160	22
166	17
314	28
493	51
676	71
625	141
1010	161
765	137
872	151
576	124
615	180
877	183
911	231
740	141
1208	138
683	95
731	67
638	60
365	54
247	53
y = 4.071892896390956 * x + 174.95938768463236
1865	183
1395	119
1192	102
1039	79
1148	96
2087	156
2783	228
5988	459
9034	769
7534	920
9882	942
9048	876
9370	806
7984	979
8761	1112
9910	1242
9105	1222
9018	1273
8984	1149
7613	811
5962	577
5042	440
3845	353
2223	256
y = 7.553848805366236 * x + 1099.1143519794532
303	105
301	70
173	155
176	99
192	131
270	78
273	90
527	162
721	300
709	334
866	324
568	244
990	257
943	299
898	289
932	332
859	297
918	277
866	201
917	171
783	152
441	125
414	136
412	100
y = 2.5689044105455148 * x + 96.0924977892002
445	35
387	28
511	48
517	19
494	24
441	20
607	18
1061	37
1708	78
1640	151
1994	197
2166	154
2329	128
1735	188
1331	151
1812	178
1855	201
2200	162
2380	137
2166	114
1914	82
1551	78
827	63
474	59
y = 9.197173272699086 * x + 455.48511704821453
270	109
209	72
181	48
240	59
214	80
282	89
590	141
1697	283
1805	335
1530	444
1727	260
1478	195
1986	193
1652	262
1754	348
1499	336
1902	382
1912	298
2049	266
1580	192
1223	202
971	219
704	143
388	145
y = 5.234608008746032 * x + 47.5526894744371
2448	176
1380	121
1361	93
888	69
1023	91
1334	117
2600	197
5133	435
7834	741
7644	1005
9817	948
8962	869
11552	778
9181	998
10165	1089
9023	1156
8850	1071
8289	1033
9670	874
7593	651
7198	530
6202	389
3939	324
2364	242
y = 8.413597732082943 * x + 1111.8696893347933
5155	152
3432	103
2462	71
2282	70
2349	76
2813	141
5940	201
9640	438
12507	721
10410	1083
12670	1153
12721	909
14358	741
11679	969
12200	1155
13985	1121
13179	1090
13924	1151
17897	876
14111	561
15162	505
12715	381
9457	306
5226	229
y = 9.18182007254365 * x + 4411.02539623594
304	30
317	34
231	28
300	40
292	29
298	39
1217	56
1718	67
2636	115
2582	147
2277	126
2680	111
3305	134
1935	142
1934	145
1950	111
2161	124
2310	128
3051	80
1645	76
1251	73
1174	55
654	46
418	42
y = 19.96110805211474 * x + -118.46132196178974
261	285
190	222
125	191
118	206
167	226
216	259
355	434
695	946
1094	1394
860	1845
1329	1622
1010	1310
1149	1262
1217	1723
1362	1801
1341	1826
1366	1838
1188	1675
1378	1430
1051	1103
867	918
833	757
641	641
297	481
y = 0.7032669074641026 * x + 81.40849135055066
6	4
11	3
4	1
10	2
6	1
14	4
9	8
23	6
46	14
56	21
83	27
141	21
89	16
90	26
91	23
97	23
94	16
74	17
13	12
24	12
25	8
34	7
15	5
5	4
y = 4.13853693217886 * x + -4.288703247594157
2157	59
1746	40
1484	31
1218	34
1611	46
1539	40
1792	35
3100	63
6105	86
6345	162
8268	225
7641	220
7740	204
5595	192
6137	225
7419	257
7450	242
6436	223
7600	160
7109	128
7208	130
6378	124
4075	97
2262	78
y = 28.851451616280123 * x + 1206.1103557464717
1967	184
1016	117
715	147
699	131
657	100
696	114
953	174
2822	330
4508	366
4489	295
4108	4
4636	1
7636	363
4656	933
3280	1182
3618	1153
4024	728
3182	850
4909	713
4475	556
5920	505
4418	378
2516	333
2134	232
y = 2.0103463444863774 * x + 2423.070208307259
505	43
298	31
261	28
219	30
295	27
356	24
450	30
666	39
893	40
1120	82
1529	51
1278	57
1605	65
1396	74
1236	68
1379	87
1210	85
1005	77
1340	49
1100	66
866	55
627	54
749	36
581	35
y = 17.29411606843341 * x + -14.985213015766476
295	75
260	48
232	41
208	39
109	51
353	67
384	116
688	183
1103	236
1072	294
1513	313
1372	266
1612	283
1223	428
1308	433
1620	444
1407	456
1422	420
1773	326
1447	240
1395	221
1314	139
732	144
553	81
y = 3.1971047827470507 * x + 262.90300170832336
712	91
304	55
280	40
778	69
242	58
617	81
475	50
944	75
1276	117
1036	130
1391	212
1091	154
1464	125
1195	163
880	163
1170	203
1607	192
1038	158
1522	182
1088	118
1132	149
891	109
549	102
413	94
y = 6.5701793450228445 * x + 129.4659038701658
132	25
83	14
26	11
61	13
54	20
60	25
198	41
482	57
931	107
1171	149
1594	190
1224	136
1223	121
1391	165
1456	159
1511	184
1452	190
1047	185
833	104
802	112
583	77
382	69
243	55
132	33
y = 8.540387428497526 * x + -86.52285894547731
2964	182
2311	111
1722	72
1599	62
1783	59
2036	70
3510	126
7440	308
12627	446
13186	654
12621	661
14485	556
16053	451
12117	635
13117	691
15975	705
15736	869
10856	818
9855	587
6579	473
8763	349
8562	290
5547	249
3849	176
y = 17.51035103453342 * x + 1466.4012528532976
678	17
536	17
551	18
504	16
492	18
618	21
1507	20
2895	21
4297	31
3791	31
5218	42
5024	34
5470	33
4112	45
3782	43
4738	33
4716	35
4392	48
5067	29
3638	33
2870	32
2301	26
1290	26
968	22
y = 156.71245021714333 * x + -1618.054295835252
850	5
590	8
653	5
826	6
514	5
667	18
1429	12
1883	33
2158	36
2461	51
2968	55
2865	46
3518	40
2887	57
2856	58
3059	70
2891	47
2917	57
4475	31
4031	27
3727	24
3495	22
2127	10
1572	7
y = 35.57240720750644 * x + 1227.1309474383459
82	25
139	14
132	7
116	10
207	10
138	11
182	20
208	29
485	65
476	113
548	203
536	184
491	152
474	171
395	252
536	230
529	259
353	213
503	141
544	112
505	80
517	78
163	42
182	35
y = 1.551308894444745 * x + 192.9577231351544
3523	128
2339	83
2120	76
1915	71
2120	81
2452	124
4680	181
7652	388
9954	669
9985	983
11808	1036
11303	812
12528	656
10203	917
10765	1053
11895	1004
11755	938
10881	959
14408	699
12012	504
10090	444
8686	349
6061	289
3995	190
y = 9.637708766009755 * x + 2973.632810426365
39	87
19	53
30	38
41	29
23	20
53	28
62	133
123	358
246	509
283	518
258	496
272	445
332	442
347	580
467	632
441	707
432	760
337	908
164	598
119	419
124	347
123	262
91	230
94	116
y = 0.49409558527166164 * x + 8.914873931561203
318	124
162	74
233	107
86	126
59	117
127	68
215	114
677	70
747	116
810	115
1105	196
1140	138
1455	168
993	159
923	159
1193	182
1237	181
1344	167
1619	141
1721	140
1092	141
873	91
566	121
712	76
y = 8.65179329806091 * x + -305.65387851276137
394	20
310	14
240	13
199	15
206	12
235	13
599	15
1045	37
1783	78
2011	97
2583	100
2548	100
2676	77
2392	78
2163	114
2396	123
2288	103
2275	89
2424	64
1798	40
1233	41
1153	31
778	34
480	17
y = 22.266044902103623 * x + 196.10377102969574
36	17
18	17
8	8
21	11
8	3
19	5
69	13
203	14
418	29
458	46
570	34
579	39
514	26
359	31
601	40
619	42
553	49
533	47
401	48
264	37
318	26
200	32
86	24
82	20
y = 13.592419155327798 * x + -83.61715850857047
729	127
588	107
477	87
441	66
536	80
373	73
725	67
1462	112
2097	175
1981	221
2767	220
2482	158
2974	179
2429	306
2632	417
2893	368
2354	300
2640	332
3300	233
2203	210
2131	164
1758	145
963	120
755	113
y = 7.650847516468638 * x + 340.8036615778067
2047	260
1812	186
1013	153
1093	140
1272	146
1719	204
4219	288
8985	504
12772	817
12891	1327
16050	1462
15191	1291
16158	1073
13208	1310
12818	1338
15105	1555
15397	1578
15416	1466
18463	1145
14576	876
13396	796
10914	597
5721	465
3467	348
y = 10.575598667722673 * x + 1222.0648227608053
211	98
143	60
78	52
88	57
80	63
137	67
254	138
642	360
781	490
769	604
1273	659
934	614
1087	509
818	618
979	669
1135	728
1413	774
1304	808
1164	674
878	496
730	385
470	292
388	224
213	173
y = 1.6175374349658498 * x + 17.55125729617714
3808	46
2777	39
1717	28
1766	31
1471	26
1886	39
3711	46
7303	106
10460	151
11145	207
14693	236
15607	190
19728	173
15537	262
14210	280
14830	281
18602	241
17521	284
25076	264
20920	160
20835	158
17477	118
10835	85
6614	69
y = 62.57108436505303 * x + 2428.2826264588894
10	23
5	83
21	311
7	1877
9	232
13	25
28	65
48	65
80	88
90	97
95	102
55	111
107	92
45	129
58	127
102	136
103	148
104	106
102	78
127	71
50	58
38	42
23	49
12	31
y = -0.027107689468265847 * x + 60.182853355642926
733	33
783	35
507	35
525	29
486	26
611	28
1019	36
1764	49
2328	76
2136	127
2915	187
2884	201
3479	170
2828	176
3151	203
3481	183
3033	175
3241	148
3735	117
2506	116
1947	79
1888	65
1028	54
1034	50
y = 15.388383891132795 * x + 464.1939762109814
633	57
344	45
291	28
272	27
262	37
295	51
549	66
1365	154
2888	196
3302	287
3706	331
3513	261
3989	191
2958	259
3169	259
3095	279
3640	255
3373	187
4073	154
3743	176
3343	147
2679	128
1298	88
736	71
y = 12.96939787204534 * x + 212.0111810742792
2649	153
2074	108
1658	72
1699	71
1613	75
2059	79
3461	126
6146	282
8420	423
8659	726
10447	842
11082	728
11226	501
8856	510
9524	530
10976	549
11068	614
9494	574
7555	449
5475	348
5672	336
5189	297
4127	194
3131	177
y = 13.949702238201168 * x + 1250.2003993502067
2004	221
1529	143
1127	116
1061	100
1315	108
1650	158
3648	240
7141	468
11449	726
10917	1214
13468	1274
12978	1174
12087	948
10520	1217
11080	1194
13345	1475
12946	1500
12646	1366
13731	967
11958	754
10263	684
8673	546
5537	389
3222	301
y = 9.083586668322619 * x + 1554.3071504741738
306	61
347	55
333	48
240	49
262	37
373	47
725	46
1291	61
2497	87
2148	117
2648	118
2720	123
3103	100
2382	134
2493	146
2656	136
2672	142
2809	111
3541	93
3110	95
2594	80
1756	75
1191	65
517	68
y = 26.251993474236063 * x + -510.7364306270965
4473	153
3213	139
2405	86
2175	83
2127	105
2539	103
4042	177
8181	354
13633	684
14416	995
19457	960
18019	756
18959	659
14608	863
16737	1027
19612	968
18375	911
18853	865
22140	772
18662	581
16601	421
14926	337
10947	260
7371	210
y = 17.29344357764298 * x + 3201.6271679320707
1001	103
730	109
752	110
767	74
740	98
843	83
1682	96
3295	167
4897	214
3789	259
4602	310
4487	291
4767	257
3807	322
3955	358
4360	297
4374	359
5052	362
6268	284
5652	201
4860	209
3531	198
1951	177
1290	134
y = 15.277020984579842 * x + -1.377101407873397
1401	121
1509	91
1417	87
1442	80
1551	88
1955	124
2708	152
4373	235
6880	373
6861	423
7359	392
6834	392
7638	614
6089	866
6126	539
7602	519
6719	480
7578	547
10946	588
8621	625
8011	507
6317	378
3290	295
2085	212
y = 11.253936927254495 * x + 1128.6516041217815
146	92
117	58
122	78
112	54
125	71
223	61
284	66
356	78
427	84
370	104
619	126
612	153
602	101
417	156
513	145
507	137
476	131
566	123
622	119
324	84
399	95
201	84
220	75
123	83
y = 4.633962135192399 * x + -101.82844644931987
1247	118
822	120
737	84
632	115
570	119
499	100
1171	56
2155	114
3003	153
2873	166
3728	179
4064	152
4526	135
4262	209
3290	183
4182	180
3957	196
3922	182
5259	142
4450	135
4664	140
3833	109
2616	106
1515	90
y = 26.40548938624352 * x + -779.6759022932279
373	16
302	22
235	15
254	15
189	18
279	11
549	10
1111	19
2063	29
2013	59
2579	64
2296	48
2267	50
1918	64
1972	63
2802	64
2534	57
2292	62
2365	37
1697	42
1462	46
1141	27
887	24
482	26
y = 40.62676056338028 * x + -83.94014084507035
1427	71
861	48
883	52
545	36
697	40
801	44
1229	42
2282	77
3326	205
4296	327
5500	431
6272	382
7001	299
6204	343
5769	446
7006	428
7226	398
7126	403
10997	302
7796	250
7022	257
5425	191
2994	156
1919	99
y = 16.198860603353058 * x + 763.0278985807608
1862	84
1456	61
1163	67
1064	50
1141	50
1306	55
1475	79
2621	79
4778	140
6083	159
6146	197
5358	172
5876	184
5978	149
5278	165
5255	161
5612	142
5275	161
6380	105
5123	125
4672	109
4347	106
3059	93
2202	89
y = 38.4645358307597 * x + -562.4307783822287
855	38
564	19
395	25
330	19
319	25
371	30
1209	56
2369	122
4357	216
3803	320
5227	338
6794	262
8442	275
8069	286
5924	320
6117	341
6399	318
6765	276
7568	194
5659	181
4217	158
3479	122
2447	82
1379	47
y = 19.962414137088572 * x + 492.12393591872933
2200	65
1896	40
1263	39
1219	21
1414	21
1703	29
2988	68
4733	168
6128	259
6538	306
9204	321
8804	407
8913	264
8440	355
8671	351
9417	379
8952	409
9461	382
10924	316
8787	220
7996	180
6696	162
4419	126
2916	97
y = 21.716110034308628 * x + 1476.1329782904786
3231	117
2574	89
2207	74
1950	59
1875	87
2325	131
4440	186
8078	404
13969	738
15780	1028
20373	1063
19529	771
20632	696
17947	949
19446	1022
19443	998
20566	1001
18490	1070
20412	780
16416	551
14510	410
11261	323
7848	268
4566	170
y = 18.003413360791548 * x + 2253.9032295884062
443	135
267	112
262	63
436	41
362	50
224	37
527	79
1106	101
1805	173
1860	225
2356	303
2218	183
2717	139
2163	264
1960	338
2432	270
2124	285
2060	229
2598	207
2178	189
1934	153
1205	109
651	87
484	89
y = 8.00591017775517 * x + 144.21586682030375
1556	156
1274	121
1146	79
941	87
867	87
1240	98
1970	146
3699	339
5906	702
6078	1065
8320	1121
7554	885
7312	736
6013	929
7327	1138
7928	1172
7818	1108
7892	1120
8683	975
7084	734
5821	506
4741	444
3555	323
2349	228
y = 6.408394342265382 * x + 1060.0153874978046
66	32
92	41
44	26
33	15
45	27
24	27
88	39
172	79
346	165
372	219
446	245
379	215
429	175
392	198
490	235
539	251
643	248
453	212
483	159
292	146
232	130
257	99
135	62
81	57
y = 2.128001605017165 * x + -2.8358741151352547
718	19
507	14
369	16
518	9
379	9
655	21
837	17
1193	24
2073	57
2100	71
2967	90
2864	74
3312	56
2553	68
2795	168
2612	89
2935	127
2771	110
3263	74
2461	60
2158	62
1745	66
1334	25
1199	21
y = 20.129046931107275 * x + 716.8405743249375
739	254
271	174
310	152
241	172
314	188
270	209
582	264
1117	308
2201	403
1864	587
2755	607
2584	565
2732	541
2276	622
1834	606
2529	719
2246	617
2451	622
3422	547
2623	475
2712	391
2414	380
1522	330
783	301
y = 4.7910175427901205 * x + -303.3779176815026
182	41
147	38
81	41
86	30
83	36
55	35
316	37
702	44
1457	47
1365	63
1554	75
1721	67
1772	51
1610	61
1397	77
1539	83
1498	60
1576	57
2025	64
1941	51
1676	45
1236	41
844	51
453	41
y = 34.868497109826585 * x + -740.8942678227359
163	27
153	36
149	21
204	41
199	35
193	34
429	47
697	57
1157	98
995	138
1244	145
1157	106
1543	105
814	162
779	136
1261	136
1051	124
965	112
1224	84
1156	73
919	67
600	60
304	46
308	37
y = 7.901774405718418 * x + 101.55336334085871
330	22
183	17
239	16
235	18
106	12
303	18
502	19
893	16
1515	17
1550	24
1653	25
1820	22
1881	23
1421	27
1362	25
1606	22
1638	18
1809	23
1939	22
1387	26
1376	18
926	17
625	23
436	16
y = 99.99210903873742 * x + -952.5485413677661
835	27
224	17
335	21
160	18
287	16
252	19
675	24
2089	33
2609	50
2708	73
3079	121
2979	111
3247	71
2706	122
2465	136
2811	123
2492	99
3521	93
4656	83
3671	66
2709	54
1770	57
712	33
663	34
y = 25.098152657396014 * x + 415.9447025520244
852	137
607	85
438	53
477	63
538	67
678	60
1356	112
2580	310
3302	508
3030	822
4087	962
4046	813
4109	638
3817	776
3835	806
3892	1050
4027	1030
3758	1094
3923	778
3273	630
3103	417
2652	396
1747	236
1300	200
y = 3.5671338915686692 * x + 769.5002726599382
1195	54
976	23
698	38
800	14
830	24
994	34
1666	21
3163	77
4876	168
4861	226
6190	289
5851	219
7348	181
6278	211
5474	261
5688	237
5872	261
6277	230
7354	171
7017	127
7336	163
5783	134
2956	85
1763	46
y = 22.759489717160605 * x + 1094.84336965304
405	42
217	44
155	30
105	53
94	41
153	85
563	85
834	134
1477	155
1965	307
2252	299
2106	230
2243	242
2424	322
2414	345
2304	342
2497	331
1836	281
2040	193
1734	218
1668	158
1187	101
828	87
532	75
y = 7.4959053812002985 * x + 22.924891623280928
120	30
34	15
92	18
71	11
54	11
51	14
165	25
240	41
492	98
183	136
471	165
796	164
620	101
607	191
863	220
872	176
681	178
508	162
1087	113
553	104
513	69
436	58
289	50
66	31
y = 3.629593669708643 * x + 81.16067526522704
1115	13
685	16
492	20
417	8
687	19
435	17
899	25
2710	42
4866	65
3816	106
5301	111
5628	114
6026	104
4584	117
4619	135
4845	167
5393	123
4692	145
7042	91
5963	73
5042	50
4428	38
1814	42
974	30
y = 35.14249292616337 * x + 989.5789300158754
117	100
76	58
51	49
58	48
19	51
62	62
198	87
203	218
392	304
439	572
546	587
464	449
641	327
504	437
515	535
658	491
606	539
538	472
671	402
546	332
385	298
442	239
275	204
196	169
y = 1.029720216971162 * x + 56.794453112197175
1124	164
830	98
635	73
474	74
536	89
743	134
1584	185
3353	430
3594	702
4135	972
5632	971
5265	807
5213	674
4258	798
5044	887
5577	928
5193	970
5711	821
5775	662
4079	520
3609	447
2739	380
2063	261
1311	185
y = 5.447599165087588 * x + 493.4152921936925
812	62
565	73
577	70
674	70
565	54
500	57
713	55
1258	88
1757	160
1789	295
2458	267
2295	254
2413	251
2206	282
2380	303
1902	316
1874	316
2235	289
2614	171
1994	205
1507	127
1284	110
1035	101
753	78
y = 6.302561588693086 * x + 442.0589716432596
598	27
430	19
369	22
358	17
464	22
410	20
954	29
2020	58
3598	124
3970	207
4367	230
4045	227
4147	185
2954	219
3533	261
3707	231
3911	242
4099	290
4556	197
4224	139
3858	114
2700	111
1442	69
990	50
y = 15.210096812131761 * x + 600.0249547612591
107	40
103	38
87	28
64	24
83	18
102	24
216	51
549	99
1035	182
837	207
878	239
816	170
823	154
1021	213
1123	224
1108	144
1073	166
686	169
401	135
268	129
364	104
298	81
241	85
165	68
y = 4.998340621470563 * x + -62.806958964408864
626	160
425	101
417	93
256	68
245	89
448	86
767	167
1618	480
2313	748
2167	871
3113	927
2536	890
2856	703
2153	870
2625	947
3075	1015
2721	1163
2987	1148
3196	991
2046	676
1563	564
1441	434
1044	340
628	240
y = 2.6478013283499675 * x + 200.1303294705251
3234	220
2425	162
2092	98
1761	98
1520	124
2168	191
4717	356
8913	770
12690	1285
13103	1658
16706	1554
17021	1317
17764	1222
14571	1555
15428	1706
18132	1692
16783	1672
17574	1659
21512	1201
16694	889
15838	788
12110	619
8366	549
5136	307
y = 9.429116811696282 * x + 2571.73325502851
1256	116
988	94
790	64
824	69
1038	60
1295	83
1943	142
3207	325
4441	562
4094	816
5183	812
5039	650
5002	460
4346	653
4670	723
5595	700
5004	631
5492	600
6569	448
5028	407
4556	331
3804	271
2191	250
1255	172
y = 6.021326566232117 * x + 1115.6124392222932
541	19
356	22
364	13
288	24
379	21
343	22
683	33
1181	29
1915	46
1987	58
2590	71
2300	64
3013	70
2464	98
2351	94
2666	91
2276	85
2178	60
2667	64
1965	58
1747	41
1314	38
851	30
591	29
y = 31.97907359015426 * x + -30.221118182584405
992	30
570	21
479	19
461	20
427	17
518	16
1326	22
2620	32
5126	76
6577	80
7908	53
7060	84
7628	73
5749	86
6211	89
6725	88
6998	85
6880	72
7237	75
5105	58
5087	46
4709	34
2248	37
1240	23
y = 91.61911428571428 * x + -556.6760523809526
551	84
360	73
280	82
306	58
253	98
339	60
528	67
1519	106
2221	199
1526	287
1795	299
2238	268
2895	224
2211	286
2146	289
2555	343
2720	330
2545	305
2623	280
2328	179
2810	175
1690	168
934	124
1003	127
y = 7.994313628403403 * x + 96.40213426134369
53	13
81	9
69	9
46	11
61	11
54	10
93	8
226	17
587	38
509	59
1401	65
647	61
721	73
557	69
692	61
731	83
648	74
629	70
604	32
347	36
527	36
299	28
103	17
100	15
y = 10.823133639822029 * x + -0.41399766828902784
1038	25
762	23
723	15
963	17
628	15
715	14
1095	14
2294	14
3322	35
2907	42
4073	45
3839	50
4537	34
3708	36
2878	47
3578	62
3914	55
3833	42
4893	51
3427	35
3816	35
2397	32
1540	26
1055	17
y = 80.2875906219528 * x + -32.06701148938055
479	16
383	14
461	14
373	10
330	11
420	17
687	13
934	23
1808	49
1693	59
2318	56
2544	71
2097	47
2231	71
2443	93
2344	78
2127	62
2201	66
2013	53
1463	41
1154	29
1080	29
782	28
514	14
y = 30.789104799486097 * x + 133.26262388730834
1333	119
1182	132
808	128
988	80
795	68
1226	78
1748	91
2990	136
4156	101
4188	162
4855	58
4498	44
5837	302
7319	476
7751	239
7617	224
5257	256
5631	213
6742	221
5434	150
5037	123
3888	146
2081	102
1670	96
y = 16.409717239802035 * x + 1315.6920390392243
628	11
379	9
276	7
314	5
396	9
457	7
592	15
872	17
1590	26
1567	28
1847	22
1843	25
1831	24
2116	32
1748	32
2097	23
1973	29
2037	32
1765	22
1207	22
1001	22
984	17
854	18
556	12
y = 71.28460077945438 * x + -178.69266513440584
96	45
108	31
72	31
112	25
87	31
92	26
308	32
413	43
596	50
786	76
929	124
977	168
1063	91
678	115
774	150
724	82
717	160
949	127
965	122
795	64
712	62
437	56
200	51
166	45
y = 6.13463234572128 * x + 69.61330630340194
5356	76
4452	46
3594	52
2900	43
2852	32
3180	108
5959	204
13488	263
21779	435
20353	527
21581	582
23692	489
24578	473
21814	498
20517	546
25034	566
26138	604
19102	592
16902	415
11033	296
13644	255
14557	199
10098	177
6571	129
y = 37.67931309912577 * x + 2189.477718956261
501	19
442	10
292	11
317	6
225	13
416	13
488	17
1142	39
2218	65
2047	105
2790	120
2291	87
2529	86
2295	103
2432	123
2490	97
2549	112
2254	82
2358	49
2098	38
1640	38
1330	35
757	23
493	20
y = 20.77540904636136 * x + 381.5599475091774
38	41
26	38
22	36
26	24
32	19
33	21
111	18
141	37
450	51
432	106
508	153
499	105
803	107
466	136
434	145
515	118
480	118
520	121
621	94
334	75
274	71
267	69
145	73
71	49
y = 4.432507473969967 * x + -35.05525583313289
168	26
116	16
14	16
41	22
44	17
102	42
210	61
441	175
744	279
706	262
936	241
734	214
827	176
850	272
859	325
761	276
838	295
915	347
800	271
613	167
610	122
466	96
278	46
103	48
y = 2.704673968747558 * x + 77.74095129726282
516	36
467	32
354	25
271	23
409	25
371	39
388	44
788	36
1416	61
1726	64
1937	58
1787	104
2199	76
1999	92
1885	87
2011	85
2028	76
1997	76
2389	58
1784	55
1434	65
1488	71
1169	52
677	43
y = 26.487335349075657 * x + -214.24936615715137
2985	151
1740	117
1511	93
1291	71
1066	107
1294	121
2845	207
4868	515
9613	742
10781	849
13611	909
13791	881
14422	731
10135	838
12219	943
13598	976
13583	1119
14697	1076
17985	887
12423	636
9966	545
9312	417
6761	328
4460	233
y = 13.768247655694942 * x + 799.8251095568266
321	19
193	2
170	5
151	2
196	2
191	3
340	3
717	9
1063	18
1358	43
1453	39
1143	27
1565	24
1829	42
1920	50
1784	60
1675	70
1473	50
1171	29
952	26
714	17
676	13
399	13
418	5
y = 27.39649060221622 * x + 259.52516108893917
56	77
57	71
59	63
43	57
32	52
83	79
109	186
370	302
548	351
638	375
795	369
823	319
727	384
709	575
744	545
658	520
709	608
745	539
1156	398
947	336
856	257
955	175
367	174
165	109
y = 1.4133721955626641 * x + 107.04379310461673
173	160
113	117
85	113
85	98
85	55
110	113
115	122
394	200
744	348
831	545
1016	552
918	576
1021	472
835	478
979	652
855	729
1013	680
807	488
1059	402
634	374
663	301
462	257
288	202
115	155
y = 1.6408583078989847 * x + -1.541195141032631
672	232
528	202
309	171
338	141
364	136
621	298
969	514
1606	768
2259	1096
2252	1459
2632	1528
2741	1300
2763	1245
2079	1477
2543	1664
2746	1759
3196	1735
2429	1508
1606	1131
1036	915
1211	780
1209	653
875	471
759	318
y = 1.5621245655164169 * x + 173.15665486798002
1077	119
894	158
880	105
733	84
728	88
768	150
1145	97
1760	110
2487	100
2245	143
2505	118
2425	65
3407	84
3507	233
3232	346
2867	166
3440	170
2801	159
3916	108
3246	158
2383	110
2053	94
1492	78
1239	126
y = 6.837531177492347 * x + 1231.7443207719482
789	94
574	101
458	85
421	119
447	67
406	64
899	124
1225	106
1739	181
1617	229
1925	221
1648	176
2041	172
1954	272
1849	422
2087	441
1757	357
1892	378
2087	311
1722	213
1300	192
1034	181
742	138
824	126
y = 4.3936481129846605 * x + 436.6374375442987
232	18
335	14
211	15
200	19
253	19
381	16
479	21
923	24
2092	28
1783	31
2143	34
2288	32
2206	26
1738	50
1737	53
1954	50
1921	33
2093	37
2229	33
1656	22
1186	21
879	19
853	19
637	16
y = 49.44898470097357 * x + -72.20166898470075
268	19
274	30
121	21
139	27
80	32
160	32
129	31
223	58
538	61
466	90
582	94
514	82
942	83
692	102
575	117
693	79
529	91
675	125
912	114
1000	82
832	55
748	45
448	46
341	32
y = 5.899696587595555 * x + 114.51123676675337
1197	286
1012	193
1007	124
1482	85
1288	92
1131	101
1707	208
3082	509
6975	769
7319	1460
9766	1453
8882	1238
7672	1007
5984	1223
7228	1500
7406	1480
7583	1505
6923	1479
7487	1214
5299	1015
4852	770
3912	606
3215	543
1739	381
y = 5.088703603695101 * x + 676.5105817209405
149	51
202	40
153	43
153	39
89	35
131	29
320	36
468	59
791	84
1013	113
1126	111
1237	124
1393	97
1261	132
1379	159
1222	143
1308	143
996	121
1264	94
1025	103
820	81
669	77
371	81
358	49
y = 11.05063360679754 * x + -195.39562884559052
791	37
642	26
443	31
450	34
627	22
600	21
812	34
1283	57
2034	124
2160	190
2704	229
2749	193
3151	173
3665	218
3001	249
2993	202
2523	190
2537	190
2718	120
1908	96
1547	97
1475	66
1093	53
838	45
y = 12.096962773879767 * x + 421.60380828526127
6	36
28	21
21	14
6	8
28	13
23	14
57	26
136	41
121	60
125	122
106	196
118	163
129	149
108	145
81	235
125	203
163	197
191	200
328	146
341	109
192	91
111	78
23	45
13	38
y = 0.6356839881750954 * x + 45.2559428245219
104	57
87	38
68	31
71	30
61	36
85	25
331	40
432	48
614	57
781	70
804	128
719	136
900	99
703	122
732	143
830	111
867	154
882	156
878	122
488	80
434	56
349	69
211	48
103	61
y = 6.385692068429239 * x + -29.473820632452146
695	18
508	12
404	19
325	27
289	15
255	22
436	29
1178	26
1932	53
2216	83
2742	120
2643	107
3069	93
2683	136
2686	156
2648	139
2817	112
2713	117
3455	77
2891	68
2269	51
1934	36
1076	38
714	23
y = 19.612837889944725 * x + 485.3564436482154
597	39
306	27
455	25
421	18
389	18
420	20
744	22
1262	40
2018	101
2054	226
2766	241
2780	205
3001	182
2605	168
2480	239
3184	228
2651	194
2717	223
3074	139
2451	120
2559	129
1763	95
1109	72
796	42
y = 11.115747092670741 * x + 472.22514284655017
570	28
334	26
855	24
232	19
274	18
217	16
704	23
1784	53
2793	98
2689	141
3147	137
3469	116
3462	70
2437	104
2380	129
2884	128
2799	132
3192	110
2804	60
2836	63
2646	58
1594	41
1172	45
592	28
y = 21.707638109529565 * x + 403.306969642259
216	71
228	50
144	38
100	47
115	35
109	44
209	63
620	152
1527	301
1816	458
2130	517
2151	405
1946	350
1826	572
2061	589
2409	562
1983	453
2000	440
1615	315
1376	261
1125	193
928	161
739	106
352	89
y = 4.008136718927499 * x + 107.7486041202801
301	61
224	72
179	50
177	71
237	50
287	61
713	89
1230	96
2002	128
1803	202
2194	239
2011	243
2633	193
2020	252
1612	268
1992	206
2154	268
1732	220
2253	186
1937	136
1574	122
1270	129
611	87
305	84
y = 9.231921341946123 * x + -40.86415309403037
599	118
596	158
384	153
396	118
403	120
540	127
741	129
1086	94
1476	99
1502	166
1889	126
1747	129
1788	101
1841	159
2054	163
1771	149
2138	170
2040	141
2742	133
2062	114
2182	151
1604	150
998	150
871	146
y = 5.834481508339376 * x + 600.2605148658448
614	80
281	68
428	39
161	30
228	25
335	16
875	39
2000	142
3557	222
3767	368
4603	266
4664	150
5197	270
5369	454
4864	516
5119	481
5397	537
5386	530
6488	342
4172	284
3222	243
2721	227
1902	173
1133	110
y = 10.594941996490077 * x + 542.6743964874036
83	25
61	32
123	39
120	24
66	18
107	12
283	16
783	41
1407	79
1128	135
1439	183
1469	136
1494	158
1098	161
926	151
1273	193
1384	183
1311	202
1598	125
1223	141
1375	90
1158	50
584	55
359	54
y = 7.060991328728376 * x + 191.2723737474397
715	131
481	98
413	81
364	72
358	75
495	90
810	152
1204	295
1944	499
2015	711
2732	697
2263	637
2289	552
1957	674
2279	710
2658	856
2559	792
2509	746
2701	497
1908	366
1744	342
1583	284
1254	213
832	156
y = 2.908706531432599 * x + 407.3716781369394
305	16
299	21
211	20
170	8
253	14
235	14
491	28
960	52
1410	65
1333	98
1532	114
1537	66
1948	83
1591	128
1220	121
1729	136
1649	121
1650	104
2010	131
1605	93
1623	72
1301	56
705	46
317	39
y = 13.102600006981968 * x + 188.21334952115342
425	107
381	66
232	56
251	59
235	60
435	72
618	138
1403	386
1792	660
1741	1037
2443	852
2432	606
2467	560
2285	779
2392	817
2702	850
2500	849
2323	742
2418	610
1963	476
1641	404
1341	309
1048	272
730	173
y = 2.5302835570370252 * x + 354.86241191728936
117	180
109	132
107	91
115	89
156	113
150	144
219	218
398	506
488	792
439	1097
548	1100
488	861
721	755
583	928
584	993
614	1098
621	1055
604	970
932	765
878	617
601	502
433	403
300	298
308	224
y = 0.48629863838417303 * x + 155.7655695279202
104	171
79	130
107	123
65	130
155	96
98	125
95	104
337	136
455	333
644	470
899	436
579	390
749	348
529	449
544	434
623	433
567	447
408	320
460	269
569	204
480	213
291	190
445	198
230	169
y = 1.5054248159689678 * x + 0.03025052950255258
10	24
10	22
10	14
14	14
22	14
13	32
71	111
124	237
252	281
421	292
296	279
418	203
391	213
149	291
266	320
362	284
376	332
179	277
85	202
63	130
66	112
156	98
56	72
11	53
y = 1.0433218368680832 * x + -10.635767360150027
2279	349
2109	197
1597	146
1558	100
1504	102
2124	127
3060	280
6728	684
10809	1043
12090	1873
14914	1729
14936	1516
13752	1251
11154	1596
12479	1866
13432	1825
13955	1846
14110	1840
14756	1455
11071	1254
9117	899
7305	730
5066	608
2819	467
y = 7.367313840940452 * x + 1146.1322883713856
401	163
306	132
289	112
243	102
215	101
248	105
602	396
1157	1012
2120	1221
1928	1250
2716	1221
1942	1145
1963	1189
2195	1699
2474	1800
2733	1529
2978	1855
2344	1694
2853	1456
2159	1029
1754	804
1543	600
973	464
620	315
y = 1.4804483378839883 * x + 211.8036774712482
38	8
35	11
32	16
35	15
33	12
34	17
60	19
98	20
136	37
149	40
182	37
180	19
167	31
165	38
87	43
138	33
180	34
172	30
121	19
122	18
127	16
139	22
66	17
43	15
y = 3.7320241842802178 * x + 17.62259531304653
385	30
203	27
299	16
635	14
540	15
246	6
764	25
1345	46
2398	71
2463	163
3009	129
2964	148
3179	110
2390	114
2195	160
2717	189
2832	146
2759	95
4366	90
2888	78
2526	59
2104	41
1030	29
664	31
y = 15.80822540745053 * x + 664.1804605646096
698	63
336	46
277	47
306	27
203	36
247	40
492	46
910	68
1374	120
1787	165
2324	209
2409	248
2732	187
2033	216
2432	258
2006	251
2002	202
2141	208
2397	163
1920	141
1817	160
1536	157
1080	120
631	100
y = 10.33420495007053 * x + 8.936507236199986
224	50
136	57
132	35
113	49
121	42
160	55
269	60
409	85
681	117
929	186
1324	234
1270	227
1300	166
1011	238
1534	252
1104	187
1338	247
1211	216
1310	164
798	121
1007	114
722	106
362	81
235	72
y = 6.131336772471719 * x + -70.04814740762936
122	26
136	27
184	17
143	11
116	23
160	74
414	90
551	99
952	130
855	187
936	171
753	161
923	156
767	146
1014	165
1007	203
940	191
761	137
1200	110
792	73
927	83
680	68
436	53
305	38
y = 4.691094819956043 * x + 151.3508222553005
179	3
163	4
61	1
84	2
46	2
92	3
309	3
652	15
1128	26
1096	72
1439	63
1564	36
1531	38
1206	52
1208	51
1761	73
1528	58
1699	71
2062	42
1251	46
1525	46
1039	16
512	12
325	10
y = 21.70574048328548 * x + 262.05097249801315
704	30
455	21
426	15
433	22
448	9
393	18
562	23
1179	70
2401	142
2696	174
3456	128
3073	69
2883	115
2878	181
3265	213
3587	172
3976	196
2987	129
2840	108
2518	117
1638	85
1400	62
1201	52
732	39
y = 17.20078785140406 * x + 352.5531085593798
132	16
147	13
78	8
131	6
98	16
246	14
221	12
322	17
576	15
542	15
559	13
611	22
852	19
811	30
644	21
667	17
680	21
645	24
844	31
586	24
416	14
255	16
277	12
328	12
y = 31.58584686774942 * x + -92.4593967517402
1454	310
1145	198
907	139
1010	108
958	113
1300	138
2102	253
4211	612
6052	954
7358	1620
9075	1645
8313	1377
8151	1196
7339	1422
7725	1737
8415	1718
8917	1719
8278	1758
8697	1391
6891	1080
5681	807
4638	662
3471	566
2054	410
y = 4.830321181984384 * x + 758.2735631473543
2470	108
2128	149
1813	80
1318	40
1060	62
1140	77
1871	56
2777	54
5285	80
4959	137
7811	107
7519	90
9329	87
7166	157
7001	263
10307	281
9768	136
10106	173
13269	111
10732	118
11261	102
8793	85
5457	70
4150	97
y = 27.86485786626769 * x + 2987.3994418229954
204	106
208	93
110	88
126	110
62	121
79	172
174	109
230	100
372	154
564	348
738	408
639	385
655	298
612	368
558	458
664	397
688	368
590	330
633	264
589	276
685	234
321	144
241	189
166	129
y = 1.6989800184082415 * x + 12.93591150049349
2401	62
2367	46
2278	29
1841	36
1925	35
2160	65
3042	128
5668	242
9294	460
9972	597
12758	610
12012	471
12458	439
8556	529
10449	664
12612	619
12258	611
12184	610
14798	522
11084	327
10166	238
8103	195
5708	181
3783	121
y = 16.877802495340873 * x + 2316.902576833899
1577	30
875	23
879	14
763	20
685	16
784	31
1417	25
3305	82
5599	98
6054	131
7152	154
7236	163
7848	98
6071	120
6043	142
6546	131
7818	135
6970	83
10110	77
8639	82
8131	66
6178	59
3432	50
1919	50
y = 47.27862887294322 * x + 1131.1324049527811
38	37
25	32
41	28
39	29
35	31
55	27
99	31
231	40
360	50
430	75
446	98
379	109
412	75
342	97
386	113
431	86
454	102
436	102
474	92
384	55
352	45
193	50
114	45
43	46
y = 4.845859920830187 * x + -43.56502423504702
874	28
891	34
588	31
583	27
650	18
670	19
1145	24
1742	37
3222	43
3769	70
4466	94
4372	91
4668	87
3109	82
3929	95
4445	97
4059	105
3747	80
3919	66
3208	47
2741	45
2374	42
1808	39
1023	36
y = 47.57509880120472 * x + -66.91279571711311
2401	171
2131	138
1615	107
1485	89
1775	86
2146	123
3937	207
6303	456
8994	744
8584	1104
10536	1207
10467	977
10778	864
8528	977
9148	1129
10100	1211
10842	1310
8121	1246
7603	871
5486	676
6081	567
5394	479
3821	329
2877	230
y = 7.244011455159174 * x + 1597.2546982906233
119	103
132	122
145	100
86	118
77	88
95	56
111	56
191	116
444	164
654	227
644	268
773	251
818	229
771	291
686	293
809	273
724	288
640	248
709	197
581	224
527	216
391	203
231	153
181	171
y = 3.38080780226198 * x + -188.43744829488003
194	98
256	48
198	40
228	48
96	27
112	52
505	180
882	308
1251	482
1148	573
1216	496
1139	446
1515	477
1045	790
1202	763
1257	999
1330	950
969	938
885	649
825	415
770	394
548	281
295	234
193	141
y = 1.230873042876612 * x + 248.36453589857422
115	120
77	150
42	120
41	99
49	135
27	133
112	134
129	192
179	204
294	290
368	306
352	329
254	240
431	283
393	336
467	402
395	286
350	287
408	271
263	210
299	171
226	211
151	227
116	158
y = 1.581321889183289 * x + -118.06325338901382
2513	46
1710	66
1781	78
1814	62
1712	66
1688	28
2292	46
4162	41
7815	27
7612	24
9876	49
9064	42
10327	38
8046	94
8800	172
10758	116
10296	148
9414	116
10521	88
9277	59
8427	32
6432	53
4947	43
2890	31
y = 32.96055565062935 * x + 4191.280433615211
189	32
116	26
157	17
149	20
84	17
123	19
204	29
423	59
800	130
646	165
1076	156
1027	149
997	156
1210	169
1275	192
1035	183
1011	173
931	138
808	114
689	81
635	68
510	60
370	45
169	36
y = 6.00302463066494 * x + 50.968457295605276
463	67
404	76
302	108
355	64
342	48
304	63
846	70
1452	102
1920	114
1923	283
2460	211
2413	145
2020	127
1997	167
1717	181
2027	252
2818	259
2035	150
2635	159
1886	138
1972	169
2110	103
881	74
686	65
y = 9.523923580174324 * x + 230.79434005595976
1730	31
1308	24
1523	21
1463	18
1359	21
1614	27
2632	57
4360	185
7454	263
7516	299
8079	209
8237	176
9213	139
6462	177
6524	194
7549	223
7504	224
8591	187
10111	111
8523	105
8433	91
6585	78
3594	53
1880	39
y = 25.385612498439958 * x + 2387.736329358552
1441	74
1190	38
675	27
513	26
424	24
533	26
1487	79
3016	213
5181	364
5427	479
7799	399
7879	303
8622	250
7233	344
6624	361
6976	340
7048	345
7904	334
9785	209
8552	227
7384	185
5192	156
3615	111
2149	80
y = 16.98158994540614 * x + 1326.7891588600723
2870	138
1727	112
1341	82
1362	80
1384	83
1619	111
3482	221
6550	565
10810	927
11659	1106
13252	1075
13889	965
14234	786
11204	946
12317	1066
14803	1118
12640	1193
13903	1137
17108	878
12049	649
11656	510
9122	388
6720	341
4176	198
y = 11.396652597656598 * x + 1776.296797057893
65	43
36	43
73	40
118	28
39	31
65	29
148	33
268	45
445	68
497	131
708	182
763	147
716	153
365	149
637	175
499	161
588	194
683	141
667	135
696	108
563	64
329	92
184	56
97	57
y = 3.9139923651722808 * x + 9.468649928245497
1136	208
1014	150
868	104
1016	92
805	74
1079	104
1893	199
3081	421
5388	754
4816	1259
6442	1377
6134	736
6050	708
5791	1207
6092	1533
6787	1458
7313	1454
6843	1437
7346	1223
4995	938
3881	706
3345	581
2764	476
1879	317
y = 4.229371117365993 * x + 944.8473128423861
1246	13
752	11
684	5
836	6
842	8
816	4
1628	10
3125	13
4264	19
5125	32
6201	31
5950	25
6640	21
5949	18
5401	31
5689	41
5860	14
5301	35
6140	16
5038	34
4879	21
3289	15
2090	15
1450	13
y = 158.65180374939482 * x + 735.126521209289
518	127
396	144
392	121
262	121
278	89
206	97
643	127
1480	70
1819	92
2086	139
2841	134
2608	73
2805	80
2170	201
2292	342
2762	220
2437	172
2451	222
3389	146
3209	156
1922	117
1695	104
1105	97
675	107
y = 5.855734853704424 * x + 880.3661021867839
1566	11
1402	13
1105	7
1068	7
1075	12
1624	5
2283	8
4047	21
5458	28
6418	75
7702	96
8603	88
8899	57
6619	106
7939	126
7700	140
7367	97
7694	75
9422	51
6781	53
5934	43
4698	31
2961	20
2202	18
y = 57.01871650995855 * x + 2201.198532757052
1907	177
1726	143
1372	94
1021	93
951	103
1196	144
2017	273
4460	653
7883	1089
7276	1434
9797	1345
8953	1183
10905	1056
7586	1233
8569	1413
10429	1459
10663	1487
9916	1445
11556	1125
9463	828
7754	665
6597	546
4662	509
3065	278
y = 6.415599424311716 * x + 1219.630033689481
418	43
527	39
353	28
450	27
470	24
404	33
694	43
1595	76
2419	111
2553	192
3198	231
3072	171
2974	130
2271	167
2171	189
2552	211
2308	175
2077	121
2464	90
2537	129
2725	132
1584	107
770	72
517	55
y = 13.82592225823916 * x + 217.1210757337974
44	23
64	14
42	13
43	15
75	19
102	21
157	22
232	46
539	97
436	123
467	151
471	116
434	88
396	132
453	121
524	147
429	123
569	114
513	78
356	53
362	67
247	53
139	35
179	39
y = 3.4963624815958885 * x + 53.925839852959626
370	92
281	73
220	60
307	59
243	57
283	85
544	108
751	162
1269	257
1203	428
1552	436
1400	365
1664	319
1437	369
1725	414
1840	434
1777	425
1543	397
1893	329
1495	283
1386	264
1107	229
666	189
470	161
y = 3.9575002282185325 * x + 70.8660888262458
1170	26
850	24
748	29
850	22
1010	36
1456	25
2919	35
3952	47
6239	91
5286	112
5696	125
5882	96
6729	106
4770	127
4938	117
5769	116
6632	104
4882	83
4955	66
3180	57
3782	50
3465	39
2034	32
1611	23
y = 47.4070982134083 * x + 563.4386682128174
243	192
192	139
184	90
146	74
140	101
234	163
508	330
1149	712
1799	1213
1879	1581
2559	1493
2335	1225
2272	1097
1947	1522
2348	1683
2444	1617
2188	1580
2078	1646
2502	1224
1656	921
1499	774
1046	624
660	506
437	331
y = 1.4527863154867198 * x + 90.49328157865557
332	22
280	15
195	16
248	21
252	15
217	18
387	22
566	21
799	21
1402	25
1187	20
1324	21
1116	19
1163	28
1104	18
1247	23
1287	17
912	18
1265	17
808	21
888	22
548	23
438	15
405	21
y = 44.38164332714696 * x + -120.36696473764141
631	187
419	186
407	125
413	135
399	134
632	169
676	327
1773	659
2653	961
3047	1215
4310	1133
3777	983
3390	927
2945	1293
3716	1326
3796	1338
3968	1307
3935	1237
4576	941
4887	799
4141	591
3424	485
2151	407
1085	306
y = 2.844188694098348 * x + 513.0598305682195
359	35
236	31
185	18
187	20
164	19
208	21
344	59
735	178
995	298
1029	398
1269	386
1398	312
1648	244
1270	352
1364	349
1156	332
1435	324
883	324
675	233
396	185
787	189
787	113
664	88
597	55
y = 2.8951109071884726 * x + 231.69203877079167
76	7
47	7
50	12
39	7
43	8
18	7
171	7
312	7
549	15
429	37
693	52
679	38
746	33
508	42
432	41
564	39
670	36
741	39
703	34
446	22
363	20
381	21
207	15
135	13
y = 14.961987544319927 * x + 26.59370678021503
470	33
306	26
244	21
182	20
179	15
203	21
329	24
763	34
1384	49
1469	74
1978	98
2367	112
2374	76
2178	100
2577	144
2415	120
2244	93
1603	94
1785	63
1029	50
849	48
926	42
621	38
389	24
y = 21.719780112748705 * x + -81.51533249960039
620	53
472	48
396	34
489	37
496	43
536	39
1755	47
3145	45
4388	53
3958	72
4707	99
4589	102
5853	79
3573	72
2743	122
3792	88
3948	81
4654	80
5347	94
3250	73
2508	75
2317	66
1249	56
816	55
y = 54.379261033069675 * x + -921.3645019308906
648	65
556	37
386	32
370	40
387	44
481	55
669	155
1588	370
2341	643
2963	717
3909	572
3559	401
3719	433
2993	541
3470	634
3866	599
3812	642
3937	554
4116	472
3027	302
2436	207
2402	179
1394	154
973	95
y = 5.003455836980761 * x + 594.1479286192425
286	13
188	15
333	14
291	6
302	9
247	30
501	49
653	58
1061	71
831	83
828	89
707	83
1142	73
948	79
812	82
1230	103
927	85
1129	69
1423	58
1304	48
1104	47
743	30
599	32
369	18
y = 8.945992637561353 * x + 284.5493816197365
