87823530	0	0.407	119.24607	25.98176	119.24304	25.97932
87823540	0	0.525	119.24304	25.97932	119.23944	25.97588
87823541	0	0.266	119.23944	25.97588	119.23763	25.97412
87823535	0	3.06	119.23763	25.97412	119.22762	25.94844
87823534	0	0.285	119.22762	25.94844	119.22642	25.94611
87823500	0	2.746	119.22642	25.94611	119.2107	25.92588
87823495	0	0.033	119.2107	25.92588	119.21046	25.92568
87823494	0	0.074	119.21046	25.92568	119.20992	25.92522
87823490	0	1.785	119.20992	25.92522	119.1951	25.91694
87823481	0	0.048	119.1951	25.91694	119.19462	25.91689
87823480	0	0.213	119.19462	25.91689	119.1925	25.91667
87823473	0	0.304	119.1925	25.91667	119.18959	25.91591
87823472	0	0.224	119.18959	25.91591	119.18769	25.91484
87823468	0	0.86	119.18769	25.91484	119.18037	25.91093
87823464	0	0.212	119.18037	25.91093	119.17829	25.91059
87823460	0	0.017	119.17829	25.91059	119.17812	25.91057
87823456	0	0.249	119.17812	25.91057	119.17563	25.91057
87823452	0	1.142	119.17563	25.91057	119.1651	25.91429
87823448	0	0.308	119.1651	25.91429	119.16205	25.91432
87823446	0	0.03	119.16205	25.91432	119.16176	25.91426
87823440	0	0.19	119.16176	25.91426	119.15992	25.91383
87823436	0	1.772	119.15992	25.91383	119.14406	25.90851
87823433	0	0.039	119.14406	25.90851	119.14378	25.90826
87823432	0	0.05	119.14378	25.90826	119.14342	25.90795
87823428	0	1.74	119.14342	25.90795	119.12891	25.90075
87823404	0	0.391	119.12891	25.90075	119.125	25.90067
87823425	0	1.519	119.125	25.90067	119.10987	25.89964
87823424	0	0.718	119.10987	25.89964	119.10295	25.89791
87823418	0	0.321	119.10295	25.89791	119.09984	25.89722
87823414	0	0.017	119.09984	25.89722	119.09967	25.8972
87823412	0	0.023	119.09967	25.8972	119.09944	25.89718
87823408	0	1.232	119.09944	25.89718	119.08722	25.89837
87823392	0	0.019	119.08722	25.89837	119.08703	25.89837
87823390	0	0.021	119.08703	25.89837	119.08682	25.89836
87823384	0	0.228	119.08682	25.89836	119.08457	25.89804
87823368	0	0.106	119.08457	25.89804	119.08356	25.89774
87823379	0	0.132	119.08356	25.89774	119.08235	25.89727
87823378	0	0.503	119.08235	25.89727	119.07848	25.89446
87823350	0	0.107	119.07848	25.89446	119.07787	25.89367
87823335	0	0.352	119.07787	25.89367	119.07636	25.89082
87823329	0	0.854	119.07636	25.89082	119.07287	25.88404
87823323	0	0.64	119.07287	25.88404	119.06816	25.88025
87823319	0	0.163	119.06816	25.88025	119.06745	25.87893
87823317	0	3.213	119.06745	25.87893	119.03989	25.86701
87823313	0	0.375	119.03989	25.86701	119.03626	25.86618
87823309	0	0.051	119.03626	25.86618	119.03577	25.86606
87823304	0	0.067	119.03577	25.86606	119.03511	25.86594
87823306	0	0.061	119.03511	25.86594	119.03451	25.86583
87823305	0	1.174	119.03451	25.86583	119.02309	25.86776
87823297	0	0.029	119.02309	25.86776	119.02281	25.86784
87823291	0	0.394	119.02281	25.86784	119.01897	25.86856
87823287	0	0.725	119.01897	25.86856	119.01241	25.86607
87823283	0	0.226	119.01241	25.86607	119.0104	25.86514
87823279	0	0.119	119.0104	25.86514	119.00927	25.86482
87823277	0	0.064	119.00927	25.86482	119.00865	25.86467
87823273	0	0.772	119.00865	25.86467	119.00115	25.86309
87823267	0	0.069	119.00115	25.86309	119.00056	25.86277
87823261	0	0.066	119.00056	25.86277	119	25.86245
87822874	0	0.048	119	25.86245	118.99959	25.86223
87823235	0	0.337	118.99959	25.86223	118.99716	25.86014
87823256	0	0.044	118.99716	25.86014	118.99688	25.85984
87823258	0	0.416	118.99688	25.85984	118.99433	25.85688
87823257	0	0.185	118.99433	25.85688	118.99319	25.85557
87823231	0	0.522	118.99319	25.85557	118.98966	25.85213
87823205	0	0.318	118.98966	25.85213	118.98701	25.85056
87823201	0	1.013	118.98701	25.85056	118.97945	25.84467
87823196	0	0.046	118.97945	25.84467	118.97912	25.84438
87823200	0	0.107	118.97912	25.84438	118.97826	25.8438
87823199	0	0.051	118.97826	25.8438	118.97786	25.84352
87823191	0	0.016	118.97786	25.84352	118.97772	25.84345
87823187	0	0.41	118.97772	25.84345	118.97404	25.84191
87823183	0	0.079	118.97404	25.84191	118.97327	25.84175
87823175	0	0.168	118.97327	25.84175	118.9716	25.84162
87823171	0	0.337	118.9716	25.84162	118.96828	25.84203
87823170	0	0.081	118.96828	25.84203	118.96749	25.8422
87823169	0	0.05	118.96749	25.8422	118.96701	25.84232
87823165	0	1.178	118.96701	25.84232	118.95557	25.8432
87823161	0	0.025	118.95557	25.8432	118.95534	25.84312
87823155	0	0.401	118.95534	25.84312	118.9518	25.84143
87823151	0	0.085	118.9518	25.84143	118.95106	25.84105
87823149	0	0.067	118.95106	25.84105	118.95047	25.84076
87823146	0	0.384	118.95047	25.84076	118.94682	25.83982
87823145	0	0.03	118.94682	25.83982	118.94652	25.83982
87823137	0	0.299	118.94652	25.83982	118.94355	25.84007
87823133	0	0.015	118.94355	25.84007	118.9434	25.8401
87823127	0	0.029	118.9434	25.8401	118.94312	25.84017
87823123	0	0.589	118.94312	25.84017	118.93778	25.84236
87823112	0	0.101	118.93778	25.84236	118.93689	25.84278
87823114	0	0.028	118.93689	25.84278	118.93664	25.84289
87823118	0	0.816	118.93664	25.84289	118.92926	25.84601
87823117	0	0.053	118.92926	25.84601	118.92874	25.8461
14157269	0	0.639	118.92874	25.8461	118.92248	25.84555
87823085	0	0.063	118.92212	25.84542	118.92154	25.84519
87823096	0	0.051	118.92154	25.84519	118.92109	25.84498
87823095	0	0.217	118.92109	25.84498	118.9193	25.84389
87823102	0	0.441	118.9193	25.84389	118.91615	25.84111
87823101	0	0.236	118.91615	25.84111	118.91451	25.83958
87823056	0	0.284	118.91451	25.83958	118.91252	25.83776
87823052	0	0.115	118.91252	25.83776	118.91172	25.83702
87823048	0	0.292	118.91172	25.83702	118.90969	25.83513
87823044	0	0.075	118.90969	25.83513	118.90918	25.83464
87823042	0	0.088	118.90918	25.83464	118.9086	25.83404
87822869	0	0.104	118.9086	25.83404	118.90793	25.83333
87823023	0	0.045	118.90793	25.83333	118.90763	25.83303
87823035	0	0.052	118.90763	25.83303	118.90729	25.83268
87823034	0	0.073	118.90729	25.83268	118.90681	25.83219
87823030	0	1.913	118.90681	25.83219	118.89305	25.8208
87823037	0	0.033	118.89305	25.8208	118.89279	25.82062
87823036	0	0.081	118.89279	25.82062	118.89215	25.82017
87823021	0	0.103	118.89215	25.82017	118.8913	25.81965
87823020	0	0.04	118.8913	25.81965	118.89098	25.81944
87823012	0	0.679	118.89098	25.81944	118.88633	25.81507
87823008	0	0.729	118.88633	25.81507	118.88348	25.80904
87823004	0	0.213	118.88348	25.80904	118.88271	25.80725
87823000	0	1.406	118.88271	25.80725	118.87659	25.79599
87822996	0	0.211	118.87659	25.79599	118.875	25.79474
87822866	0	0.085	118.875	25.79474	118.87436	25.79424
87822993	0	0.081	118.87436	25.79424	118.87376	25.79375
87822992	0	0.65	118.87376	25.79375	118.86946	25.78937
87822988	0	0.627	118.86946	25.78937	118.86519	25.78526
87822984	0	0.748	118.86519	25.78526	118.859	25.78149
87822980	0	0.588	118.859	25.78149	118.85443	25.7782
87822976	0	0.511	118.85443	25.7782	118.85162	25.77438
87822972	0	0.387	118.85162	25.77438	118.8497	25.77136
87822968	0	0.054	118.8497	25.77136	118.84943	25.77094
87822966	0	0.199	118.84943	25.77094	118.84823	25.76952
87822955	0	0.093	118.84823	25.76952	118.84754	25.76896
87822959	0	0.035	118.84754	25.76896	118.84726	25.76877
87822963	0	1.802	118.84726	25.76877	118.83054	25.76436
87822962	0	0.101	118.83054	25.76436	118.82982	25.76372
87822948	0	0.731	118.82982	25.76372	118.82543	25.75851
87822943	0	0.15	118.82543	25.75851	118.8246	25.75739
87822942	0	0.293	118.8246	25.75739	118.82279	25.75532
87822940	0	0.075	118.82279	25.75532	118.82224	25.75486
87822936	0	0.039	118.82224	25.75486	118.82195	25.75463
87822932	0	0.928	118.82195	25.75463	118.81396	25.75046
87822861	0	0.112	118.81396	25.75046	118.81296	25.75
87822929	0	0.832	118.81296	25.75	118.8056	25.74652
87822928	0	0.051	118.8056	25.74652	118.80516	25.74628
87822920	0	0.074	118.80516	25.74628	118.8045	25.74598
87822918	0	0.704	118.8045	25.74598	118.79836	25.7429
87822908	0	0.432	118.79836	25.7429	118.79545	25.74004
87822904	0	1.145	118.79545	25.74004	118.78654	25.7338
14968478	0	0.082	118.78654	25.7338	118.78588	25.73337
14968602	0	0.277	118.78588	25.73337	118.78384	25.73168
14968601	0	0.344	118.78384	25.73168	118.78108	25.72986
14968597	0	0.106	118.78108	25.72986	118.78015	25.72941
14968590	0	1.366	118.78015	25.72941	118.76681	25.72701
14968579	0	0.148	118.76681	25.72701	118.7654	25.72662
14968575	0	0.266	118.7654	25.72662	118.76309	25.72545
14968571	0	0.27	118.76309	25.72545	118.76101	25.7239
14968567	0	0.194	118.76101	25.7239	118.75954	25.72276
14968563	0	0.302	118.75954	25.72276	118.75726	25.72098
14968559	0	0.393	118.75726	25.72098	118.7544	25.71856
14968555	0	0.372	118.7544	25.71856	118.75238	25.71577
14968551	0	0.017	118.75238	25.71577	118.75231	25.71563
14968550	0	0.02	118.75231	25.71563	118.75223	25.71547
14968549	0	0.056	118.75223	25.71547	118.75204	25.715
14968543	0	0.739	118.75204	25.715	118.75076	25.70846
14968539	0	0.163	118.75076	25.70846	118.7506	25.707
14968535	0	0.513	118.7506	25.707	118.75034	25.70239
14968531	0	0.023	118.75034	25.70239	118.75034	25.70218
14968529	0	0.037	118.75034	25.70218	118.75037	25.70185
14968525	0	0.938	118.75037	25.70185	118.75434	25.6944
14968509	0	0.312	118.75434	25.6944	118.75607	25.69207
14968507	0	0.3	118.75607	25.69207	118.7571	25.68955
14968505	0	0.16	118.7571	25.68955	118.75736	25.68813
14968502	0	0.114	118.75736	25.68813	118.75743	25.68711
14968501	0	0.149	118.75743	25.68711	118.75736	25.68577
14968493	0	0.723	118.75736	25.68577	118.75468	25.67979
14968489	0	0.897	118.75468	25.67979	118.75301	25.67195
14968485	0	0.04	118.75301	25.67195	118.75292	25.6716
14968483	0	0.556	118.75292	25.6716	118.75	25.66746
14968471	0	0.107	118.75	25.66746	118.7492	25.66682
14968472	0	0.025	118.7492	25.66682	118.74902	25.66667
14968473	0	0.323	118.74902	25.66667	118.74709	25.66437
14968474	0	0.182	118.74709	25.66437	118.7464	25.66286
14968466	0	0.541	118.7464	25.66286	118.74391	25.65858
14968462	0	0.151	118.74391	25.65858	118.74288	25.65759
14968458	0	0.208	118.74288	25.65759	118.74125	25.65644
14968454	0	0.445	118.74125	25.65644	118.73783	25.65391
14968450	0	0.459	118.73783	25.65391	118.73556	25.65034
14968446	0	0.11	118.73556	25.65034	118.73512	25.64943
14968442	0	0.339	118.73512	25.64943	118.73341	25.64681
14968438	0	0.312	118.73341	25.64681	118.73155	25.64456
14968434	0	0.06	118.73155	25.64456	118.73122	25.64411
14968431	0	0.069	118.73122	25.64411	118.73086	25.64358
14968432	0	0.222	118.73086	25.64358	118.73001	25.64174
14968424	0	1.978	118.73001	25.64174	118.72439	25.62468
14968420	0	0.079	118.72439	25.62468	118.7241	25.62402
14968416	0	2.676	118.7241	25.62402	118.714	25.60205
14968412	0	0.287	118.714	25.60205	118.71562	25.59994
14968408	0	0.281	118.71562	25.59994	118.71777	25.59833
14968404	0	0.044	118.71777	25.59833	118.71813	25.5981
14968401	0	0.079	118.71813	25.5981	118.71877	25.59768
14968402	0	0.045	118.71877	25.59768	118.71911	25.59742
14968400	0	0.342	118.71911	25.59742	118.72129	25.59507
14968396	0	0.128	118.72129	25.59507	118.72188	25.59405
14968386	0	0.543	118.72188	25.59405	118.72264	25.58931
14968379	0	0.035	118.72264	25.58931	118.72259	25.589
14968380	0	0.715	118.72259	25.589	118.71945	25.58333
14960343	0	0.051	118.71945	25.58333	118.71913	25.58297
14960344	0	1.982	118.71913	25.58297	118.71492	25.56614
14960337	0	0.38	118.71492	25.56614	118.71229	25.56368
14960317	0	0.406	118.71229	25.56368	118.71035	25.56049
14960330	0	0.056	118.71035	25.56049	118.71016	25.56002
14960331	0	0.134	118.71016	25.56002	118.70985	25.55885
14960294	0	0.317	118.70985	25.55885	118.70974	25.55601
14960290	0	0.079	118.70974	25.55601	118.70985	25.55531
14960288	0	0.257	118.70985	25.55531	118.71022	25.55302
14960286	0	0.043	118.71022	25.55302	118.71028	25.55264
14960283	0	0.046	118.71028	25.55264	118.71035	25.55223
14960284	0	0.074	118.71035	25.55223	118.71045	25.55157
14960280	0	2.023	118.71045	25.55157	118.7127	25.53352
14960278	0	0.059	118.7127	25.53352	118.71255	25.53301
14960274	0	0.162	118.71255	25.53301	118.71196	25.53165
14960264	0	0.188	118.71196	25.53165	118.711	25.5302
14960262	0	1.332	118.711	25.5302	118.7082	25.51918
14960258	0	0.667	118.7082	25.51918	118.70373	25.51508
14960254	0	0.091	118.70373	25.51508	118.70293	25.51469
14960250	0	0.798	118.70293	25.51469	118.69941	25.50865
14960246	0	0.039	118.69941	25.50865	118.69941	25.5083
14960242	0	0.64	118.69941	25.5083	118.69817	25.50271
14960238	0	0.319	118.69817	25.50271	118.69714	25.5
14960233	0	0.203	118.69714	25.5	118.6967	25.49822
14960234	0	0.247	118.6967	25.49822	118.69629	25.49603
14960230	0	0.355	118.69629	25.49603	118.69572	25.49288
14960226	0	0.066	118.69572	25.49288	118.6956	25.4923
14960223	0	0.099	118.6956	25.4923	118.69542	25.49142
14960224	0	0.118	118.69542	25.49142	118.69523	25.49037
14960213	0	0.978	118.69523	25.49037	118.69463	25.48161
14960214	0	0.042	118.69463	25.48161	118.69474	25.48125
14960204	0	0.205	118.69474	25.48125	118.69555	25.47956
14960200	0	0.038	118.69555	25.47956	118.69574	25.47926
14960196	0	0.3	118.69574	25.47926	118.6977	25.47724
14960192	0	0.322	118.6977	25.47724	118.7001	25.47532
14960187	0	0.304	118.7001	25.47532	118.70205	25.47323
14960188	0	0.156	118.70205	25.47323	118.70289	25.47205
14960180	0	0.674	118.70289	25.47205	118.70425	25.46624
14960176	0	0.05	118.70425	25.46624	118.70415	25.4658
14960168	0	0.194	118.70415	25.4658	118.70353	25.46415
14960163	0	0.068	118.70353	25.46415	118.70322	25.46361
14960164	0	0.216	118.70322	25.46361	118.70196	25.46204
14960156	0	0.194	118.70196	25.46204	118.70063	25.46077
14960152	0	0.326	118.70063	25.46077	118.69887	25.45833
14960148	0	0.676	118.69887	25.45833	118.69743	25.45241
14960144	0	0.486	118.69743	25.45241	118.69534	25.44848
14960140	0	0.798	118.69534	25.44848	118.69439	25.44139
14960133	0	0.038	118.69439	25.44139	118.69428	25.44106
14960134	0	0.868	118.69428	25.44106	118.68908	25.43505
14960108	0	1.269	118.68908	25.43505	118.6797	25.42782
14960106	0	0.066	118.6797	25.42782	118.67936	25.42731
14960103	0	0.044	118.67936	25.42731	118.67913	25.42697
14960104	0	0.074	118.67913	25.42697	118.67875	25.4264
14960096	0	1.164	118.67875	25.4264	118.67455	25.41667
14960087	0	1.471	118.67455	25.41667	118.66971	25.40418
14960091	0	0.022	118.66971	25.40418	118.66964	25.40399
14960090	0	0.719	118.66964	25.40399	118.66586	25.3986
14960074	0	0.167	118.66586	25.3986	118.66468	25.39754
14960070	0	0.593	118.66468	25.39754	118.66175	25.39298
14960068	0	0.235	118.66175	25.39298	118.66139	25.39089
14960022	0	0.779	118.66139	25.39089	118.65894	25.38433
14960063	0	0.603	118.65894	25.38433	118.65493	25.3803
14960062	0	0.035	118.65493	25.3803	118.65471	25.38005
14960027	0	0.294	118.65471	25.38005	118.65329	25.37775
14960033	0	1.101	118.65329	25.37775	118.65146	25.36803
14960032	0	0.123	118.65146	25.36803	118.65132	25.36693
14960041	0	0.41	118.65132	25.36693	118.65088	25.36326
14960040	0	0.396	118.65088	25.36326	118.65037	25.35973
14960036	0	0.424	118.65037	25.35973	118.64846	25.35637
14959982	0	0.105	118.64846	25.35637	118.64771	25.35571
14959978	0	1.847	118.64771	25.35571	118.63243	25.34695
14959975	0	0.126	118.63243	25.34695	118.63133	25.34641
14959974	0	0.101	118.63133	25.34641	118.63036	25.34627
14959968	0	0.318	118.63036	25.34627	118.62902	25.34492
14959964	0	0.295	118.62902	25.34492	118.6305	25.34263
14959956	0	0.18	118.6305	25.34263	118.63197	25.34173
14959952	1	0.011	118.63197	25.34173	118.63208	25.34171
14959955	1	0.012	118.63208	25.34171	118.632	25.34179
14959959	1	0.158	118.632	25.34179	118.6308	25.3427
14959963	1	0.22	118.6308	25.3427	118.62973	25.34437
14959967	1	0.052	118.62973	25.34437	118.62987	25.34481
14959971	1	0.111	118.62987	25.34481	118.63059	25.34556
14959977	1	0.573	118.63059	25.34556	118.63518	25.3486
14959981	1	1.523	118.63518	25.3486	118.64784	25.35564
14959985	1	0.11	118.64784	25.35564	118.64862	25.35633
14960039	1	0.425	118.64862	25.35633	118.65049	25.35971
14960043	1	0.4	118.65049	25.35971	118.65099	25.36328
14960042	1	0.404	118.65099	25.36328	118.65146	25.36689
14960035	1	0.125	118.65146	25.36689	118.6516	25.36801
14960061	1	1.385	118.6516	25.36801	118.65485	25.37994
14960060	1	0.035	118.65485	25.37994	118.65507	25.38019
14960065	1	0.607	118.65507	25.38019	118.65908	25.38426
14960067	1	0.786	118.65908	25.38426	118.66156	25.39087
14960066	1	0.232	118.66156	25.39087	118.66192	25.39293
14960073	1	0.584	118.66192	25.39293	118.66479	25.39743
14960079	1	0.09	118.66479	25.39743	118.66542	25.398
14960078	1	0.079	118.66542	25.398	118.666	25.39848
14960081	1	0.606	118.666	25.39848	118.66951	25.40285
14960083	1	0.032	118.66951	25.40285	118.66963	25.40312
14960085	1	0.042	118.66963	25.40312	118.66977	25.40348
14960089	1	0.105	118.66977	25.40348	118.67011	25.40437
14960088	1	1.455	118.67011	25.40437	118.67509	25.41667
14960092	1	1.139	118.67509	25.41667	118.67907	25.42627
14960101	1	0.068	118.67907	25.42627	118.67944	25.42678
14960109	1	1.381	118.67944	25.42678	118.68933	25.43493
14960116	1	0.868	118.68933	25.43493	118.69452	25.44099
14960135	1	0.04	118.69452	25.44099	118.69465	25.44133
14960137	1	0.202	118.69465	25.44133	118.69504	25.44311
14960141	1	0.605	118.69504	25.44311	118.69549	25.44853
14960145	1	0.476	118.69549	25.44853	118.69756	25.45237
14960149	1	0.678	118.69756	25.45237	118.69907	25.45828
14960153	1	0.324	118.69907	25.45828	118.70075	25.46074
14960157	1	0.195	118.70075	25.46074	118.70207	25.46203
14960165	1	0.213	118.70207	25.46203	118.70333	25.46357
14960166	1	0.068	118.70333	25.46357	118.70364	25.46411
14960169	1	0.198	118.70364	25.46411	118.70428	25.46579
14960177	1	0.049	118.70428	25.46579	118.70437	25.46622
14960181	1	0.677	118.70437	25.46622	118.70311	25.47207
14960189	1	0.163	118.70311	25.47207	118.70224	25.47331
14960190	1	0.31	118.70224	25.47331	118.70027	25.47546
14960193	1	0.325	118.70027	25.47546	118.69788	25.47743
14960197	1	0.278	118.69788	25.47743	118.69601	25.47927
14960201	1	0.041	118.69601	25.47927	118.69579	25.47958
14960207	1	0.196	118.69579	25.47958	118.69501	25.48119
14960208	1	0.021	118.69501	25.48119	118.69497	25.48138
14960217	1	0.015	118.69497	25.48138	118.69494	25.48151
14960218	1	0.019	118.69494	25.48151	118.6949	25.48168
14960216	1	0.972	118.6949	25.48168	118.69565	25.49035
14960219	1	0.028	118.69565	25.49035	118.69568	25.4906
14960227	1	0.253	118.69568	25.4906	118.69597	25.49286
14960231	1	0.353	118.69597	25.49286	118.69648	25.496
14960232	1	0.452	118.69648	25.496	118.6973	25.5
14960239	1	0.31	118.6973	25.5	118.69827	25.50265
14960243	1	0.649	118.69827	25.50265	118.69965	25.50829
14960247	1	0.041	118.69965	25.50829	118.69966	25.50866
14960251	1	0.78	118.69966	25.50866	118.70297	25.51461
14960255	1	0.091	118.70297	25.51461	118.70375	25.51502
14960259	1	0.686	118.70375	25.51502	118.70835	25.51918
14960265	1	1.588	118.70835	25.51918	118.71246	25.53219
14960269	1	0.028	118.71246	25.53219	118.71257	25.53242
14960271	1	0.072	118.71257	25.53242	118.71284	25.53302
14960281	1	2.225	118.71284	25.53302	118.71067	25.55286
14960282	1	0.07	118.71067	25.55286	118.71057	25.55348
14960291	1	0.299	118.71057	25.55348	118.71014	25.55614
14960295	1	0.307	118.71014	25.55614	118.71015	25.55889
14960299	1	0.12	118.71015	25.55889	118.71038	25.55995
14960332	1	0.056	118.71038	25.55995	118.71054	25.56043
14960334	1	0.395	118.71054	25.56043	118.71255	25.56346
14960335	1	0.378	118.71255	25.56346	118.71509	25.56597
14960338	1	0.469	118.71509	25.56597	118.7173	25.56965
14960340	1	1.517	118.7173	25.56965	118.71924	25.58284
14960341	1	0.069	118.71924	25.58284	118.71967	25.58333
14960357	1	0.717	118.71967	25.58333	118.72293	25.58896
14968381	1	0.036	118.72293	25.58896	118.72298	25.58928
14968383	1	0.178	118.72298	25.58928	118.72305	25.59088
14968387	1	0.398	118.72305	25.59088	118.72213	25.59434
14968393	1	0.086	118.72213	25.59434	118.72173	25.59502
14968397	1	0.025	118.72173	25.59502	118.7216	25.59521
14968398	1	0.353	118.7216	25.59521	118.71928	25.59758
14968405	1	0.175	118.71928	25.59758	118.71792	25.59856
14968409	1	0.253	118.71792	25.59856	118.716	25.60003
14968413	1	0.306	118.716	25.60003	118.71426	25.60228
14968417	1	2.627	118.71426	25.60228	118.72449	25.62384
14968421	1	0.089	118.72449	25.62384	118.72488	25.62456
14968425	1	1.99	118.72488	25.62456	118.73047	25.64172
14968429	1	0.149	118.73047	25.64172	118.73089	25.64301
14968435	1	0.429	118.73089	25.64301	118.73314	25.64627
14968439	1	0.058	118.73314	25.64627	118.73348	25.64669
14968443	1	0.344	118.73348	25.64669	118.73528	25.64932
14968447	1	0.11	118.73528	25.64932	118.73573	25.65022
14968451	1	0.461	118.73573	25.65022	118.73795	25.65383
14968455	1	0.438	118.73795	25.65383	118.7413	25.65633
14968459	1	0.212	118.7413	25.65633	118.743	25.65747
14968463	1	0.153	118.743	25.65747	118.74405	25.65846
14968467	1	0.548	118.74405	25.65846	118.74663	25.66276
14968475	1	0.182	118.74663	25.66276	118.74723	25.6643
14968476	1	0.332	118.74723	25.6643	118.74921	25.66667
14968469	1	0.007	118.74921	25.66667	118.74926	25.66671
14968470	1	0.101	118.74926	25.66671	118.75	25.66733
14968488	1	0.62	118.75	25.66733	118.75321	25.67196
14968492	1	0.883	118.75321	25.67196	118.75478	25.6797
14968496	1	0.73	118.75478	25.6797	118.75759	25.68571
14968504	1	0.137	118.75759	25.68571	118.75767	25.68694
14968503	1	0.135	118.75767	25.68694	118.75763	25.68815
14968514	1	0.464	118.75763	25.68815	118.75636	25.69214
14968513	1	0.323	118.75636	25.69214	118.75453	25.69452
14968516	1	0.073	118.75453	25.69452	118.75406	25.69502
14968520	1	0.754	118.75406	25.69502	118.75069	25.70095
14968519	1	0.026	118.75069	25.70095	118.75065	25.70118
14968524	1	0.065	118.75065	25.70118	118.75059	25.70176
14968534	1	0.07	118.75059	25.70176	118.75059	25.70239
14968538	1	0.51	118.75059	25.70239	118.75099	25.70696
14968542	1	0.165	118.75099	25.70696	118.75118	25.70843
14968546	1	0.731	118.75118	25.70843	118.75244	25.71491
14968545	1	0.023	118.75244	25.71491	118.75249	25.71511
14968548	1	0.05	118.75249	25.71511	118.75267	25.71553
14968554	1	0.014	118.75267	25.71553	118.75273	25.71564
14968558	1	0.365	118.75273	25.71564	118.75457	25.71846
14968562	1	0.391	118.75457	25.71846	118.75736	25.72091
14968566	1	0.298	118.75736	25.72091	118.75964	25.72264
14968570	1	0.19	118.75964	25.72264	118.76108	25.72376
14968574	1	0.279	118.76108	25.72376	118.76322	25.72536
14968578	1	0.255	118.76322	25.72536	118.76544	25.72647
14968582	1	0.145	118.76544	25.72647	118.76681	25.72689
14968596	1	1.369	118.76681	25.72689	118.78019	25.72927
14968595	1	0.111	118.78019	25.72927	118.78118	25.72972
14968583	1	0.346	118.78118	25.72972	118.784	25.73151
14968481	1	0.145	118.784	25.73151	118.78506	25.7324
14968599	1	0.132	118.78506	25.7324	118.78606	25.73317
14968600	1	1.233	118.78606	25.73317	118.79567	25.73989
87822910	1	0.43	118.79567	25.73989	118.7986	25.74271
87822912	1	0.395	118.7986	25.74271	118.80199	25.74451
87822914	1	0.292	118.80199	25.74451	118.80457	25.74573
87822916	1	0.069	118.80457	25.74573	118.80519	25.74601
87822930	1	0.057	118.80519	25.74601	118.80572	25.7462
87822931	1	0.756	118.80572	25.7462	118.81245	25.74928
87822862	1	0.175	118.81245	25.74928	118.81401	25.75
87822934	1	0.968	118.81401	25.75	118.82232	25.75437
87822938	1	0.041	118.82232	25.75437	118.82259	25.75465
87822939	1	0.318	118.82259	25.75465	118.82456	25.75689
87822927	1	0.021	118.82456	25.75689	118.82468	25.75705
87822944	1	0.031	118.82468	25.75705	118.82485	25.75728
87822946	1	0.806	118.82485	25.75728	118.82954	25.76314
87822964	1	0.056	118.82954	25.76314	118.83	25.76343
87822965	1	1.905	118.83	25.76343	118.84754	25.76851
87822961	1	0.051	118.84754	25.76851	118.84788	25.76885
87822957	1	0.022	118.84788	25.76885	118.84803	25.76899
87822970	1	0.322	118.84803	25.76899	118.84996	25.77129
87822974	1	0.374	118.84996	25.77129	118.85182	25.77421
87822978	1	0.51	118.85182	25.77421	118.85462	25.77803
87822982	1	0.593	118.85462	25.77803	118.85925	25.78133
87822986	1	0.742	118.85925	25.78133	118.86538	25.78508
87822990	1	0.631	118.86538	25.78508	118.86968	25.78922
87822994	1	0.644	118.86968	25.78922	118.87393	25.79356
87822995	1	0.144	118.87393	25.79356	118.875	25.79442
87822865	1	0.115	118.875	25.79442	118.87588	25.79509
87822998	1	0.123	118.87588	25.79509	118.87679	25.79583
87823002	1	1.415	118.87679	25.79583	118.88295	25.80716
87823006	1	0.216	118.88295	25.80716	118.88373	25.80897
87823010	1	0.728	118.88373	25.80897	118.88658	25.81499
87823014	1	0.669	118.88658	25.81499	118.89119	25.81926
87823018	1	0.025	118.89119	25.81926	118.8914	25.81938
87823040	1	0.013	118.8914	25.81938	118.89151	25.81944
87823041	1	0.188	118.89151	25.81944	118.89309	25.82036
87823039	1	0.021	118.89309	25.82036	118.89327	25.82046
87823032	1	1.943	118.89327	25.82046	118.90721	25.832
87823033	1	0.057	118.90721	25.832	118.90754	25.83242
87822870	1	0.126	118.90754	25.83242	118.90829	25.83333
87823046	1	0.243	118.90829	25.83333	118.9099	25.83497
87823050	1	0.295	118.9099	25.83497	118.91196	25.83687
87823054	1	0.112	118.91196	25.83687	118.91274	25.83759
87823058	1	0.285	118.91274	25.83759	118.91472	25.83943
87823067	1	0.233	118.91472	25.83943	118.91635	25.84093
87823099	1	0.44	118.91635	25.84093	118.91948	25.84371
87823100	1	0.203	118.91948	25.84371	118.92116	25.84473
87823097	1	0.054	118.92116	25.84473	118.92164	25.84495
87823103	1	0.626	118.92164	25.84495	118.9277	25.84598
87823121	1	0.068	118.9277	25.84598	118.92837	25.84588
87823122	1	0.078	118.92837	25.84588	118.92913	25.84573
87823120	1	0.815	118.92913	25.84573	118.9365	25.84264
87823116	1	0.059	118.9365	25.84264	118.93704	25.84243
87823125	1	0.664	118.93704	25.84243	118.94304	25.83993
87823135	1	0.322	118.94304	25.83993	118.94622	25.83956
87823139	1	0.037	118.94622	25.83956	118.94659	25.83956
87823147	1	0.018	118.94659	25.83956	118.94677	25.83955
87823148	1	0.402	118.94677	25.83955	118.95061	25.84049
87823153	1	0.153	118.95061	25.84049	118.95193	25.84119
87823159	1	0.369	118.95193	25.84119	118.9552	25.84272
87823160	1	0.035	118.9552	25.84272	118.95554	25.84281
87823163	1	0.015	118.95554	25.84281	118.95569	25.84284
87823167	1	1.155	118.95569	25.84284	118.96691	25.84191
87823168	1	0.084	118.96691	25.84191	118.96774	25.84177
87823173	1	0.411	118.96774	25.84177	118.97181	25.84136
87823181	1	0.105	118.97181	25.84136	118.97286	25.84136
87823185	1	0.053	118.97286	25.84136	118.97339	25.84138
87823189	1	0.506	118.97339	25.84138	118.97797	25.84317
87823193	1	0.015	118.97797	25.84317	118.97809	25.84325
87823194	1	0.109	118.97809	25.84325	118.97892	25.84389
87823197	1	0.057	118.97892	25.84389	118.97934	25.84423
87823203	1	1.046	118.97934	25.84423	118.98714	25.85032
87823207	1	0.325	118.98714	25.85032	118.98985	25.85193
87823259	1	0.528	118.98985	25.85193	118.99341	25.85542
87823260	1	0.168	118.99341	25.85542	118.99445	25.85661
87823244	1	0.012	118.99445	25.85661	118.99452	25.8567
87823228	1	0.421	118.99452	25.8567	118.99707	25.85971
87823253	1	0.043	118.99707	25.85971	118.99735	25.86
87823254	1	0.359	118.99735	25.86	119	25.86217
87822873	1	0.036	119	25.86217	119.00031	25.86234
87823271	1	0.057	119.00031	25.86234	119.00083	25.86256
87823272	1	0.059	119.00083	25.86256	119.00136	25.86279
87823275	1	0.762	119.00136	25.86279	119.00874	25.8644
87823276	1	0.052	119.00874	25.8644	119.00924	25.86453
87823281	1	0.132	119.00924	25.86453	119.01049	25.86491
87823285	1	0.229	119.01049	25.86491	119.01253	25.86584
87823289	1	0.699	119.01253	25.86584	119.01884	25.86831
87823299	1	0.367	119.01884	25.86831	119.0224	25.86757
87823300	1	0.028	119.0224	25.86757	119.02267	25.86749
87823295	1	0.021	119.02267	25.86749	119.02287	25.86743
87823307	1	1.197	119.02287	25.86743	119.03452	25.86556
87823308	1	0.093	119.03452	25.86556	119.03543	25.86571
87823311	1	0.093	119.03543	25.86571	119.03633	25.86591
87823315	1	0.374	119.03633	25.86591	119.03995	25.86675
87823321	1	3.404	119.03995	25.86675	119.06841	25.88016
87823325	1	0.625	119.06841	25.88016	119.07303	25.88384
87823327	1	0.018	119.07303	25.88384	119.07317	25.88394
87823331	1	0.857	119.07317	25.88394	119.07661	25.89078
87823370	1	0.333	119.07661	25.89078	119.07804	25.89348
87823371	1	0.011	119.07804	25.89348	119.0781	25.89356
87823376	1	0.105	119.0781	25.89356	119.0787	25.89434
87823377	1	0.486	119.0787	25.89434	119.08246	25.89704
87823380	1	0.131	119.08246	25.89704	119.08366	25.89751
87823382	1	0.295	119.08366	25.89751	119.08653	25.89809
87823396	1	0.048	119.08653	25.89809	119.08701	25.89814
87823397	1	0.022	119.08701	25.89814	119.08723	25.89816
87823410	1	1.234	119.08723	25.89816	119.09946	25.89693
87823411	1	0.028	119.09946	25.89693	119.09974	25.89695
87823416	1	0.011	119.09974	25.89695	119.09985	25.89696
87823420	1	0.329	119.09985	25.89696	119.10304	25.89766
87823422	1	0.637	119.10304	25.89766	119.10917	25.89921
87823423	1	0.022	119.10917	25.89921	119.10938	25.89926
87823426	1	0.056	119.10938	25.89926	119.10993	25.89937
87823427	1	1.512	119.10993	25.89937	119.125	25.9003
87823406	1	0.387	119.125	25.9003	119.12887	25.90041
87823430	1	1.78	119.12887	25.90041	119.14375	25.90774
87823431	1	0.053	119.14375	25.90774	119.1441	25.9081
87823434	1	0.022	119.1441	25.9081	119.14426	25.90824
87823438	1	1.778	119.14426	25.90824	119.16012	25.91361
87823442	1	0.179	119.16012	25.91361	119.16185	25.91401
87823444	1	0.026	119.16185	25.91401	119.1621	25.91406
87823450	1	0.295	119.1621	25.91406	119.16502	25.91403
87823454	1	1.148	119.16502	25.91403	119.17561	25.91031
87823458	1	0.253	119.17561	25.91031	119.17814	25.91031
87823462	1	0.018	119.17814	25.91031	119.17832	25.91033
87823466	1	0.214	119.17832	25.91033	119.18043	25.91067
87823470	1	0.87	119.18043	25.91067	119.18783	25.91462
87823474	1	0.22	119.18783	25.91462	119.18969	25.91567
87823476	1	0.157	119.18969	25.91567	119.19115	25.91619
87823477	1	0.079	119.19115	25.91619	119.19191	25.9164
87823478	1	0.123	119.19191	25.9164	119.19312	25.91658
87823479	1	0.074	119.19312	25.91658	119.19385	25.91667
87823488	1	0.066	119.19385	25.91667	119.19451	25.91673
87823489	1	0.063	119.19451	25.91673	119.19514	25.91678
87823492	1	1.81	119.19514	25.91678	119.21021	25.92508
87823496	1	0.074	119.21021	25.92508	119.21073	25.92556
87823497	1	0.031	119.21073	25.92556	119.21094	25.92576
87823502	1	2.748	119.21094	25.92576	119.22666	25.94601
87823536	1	0.285	119.22666	25.94601	119.22787	25.94833
14948439	1	2.957	119.22787	25.94833	119.23715	25.97335
14948440	1	0.098	119.23715	25.97335	119.23783	25.97399
87823524	1	0.183	119.23783	25.97399	119.23908	25.97519
87823525	1	0.077	119.23908	25.97519	119.23961	25.97569
87823532	1	0.532	119.23961	25.97569	119.24325	25.97918
87823538	1	0.396	119.24325	25.97918	119.2462	25.98154
87823539	1	0.101	119.2462	25.98154	119.24706	25.98202
