S35#87823530#87823368	87823530	87823368	0	21.174	119.24607	25.98176	119.08356	25.89774	87823530	87823540	87823541	87823535	87823534	87823500	87823495	87823494	87823490	87823481	87823480	87823473	87823472	87823468	87823464	87823460	87823456	87823452	87823448	87823446	87823440	87823436	87823433	87823432	87823428	87823404	87823425	87823424	87823418	87823414	87823412	87823408	87823392	87823390	87823384	87823368
S35#87823379#87823235	87823379	87823235	0	10.541000000000002	119.08356	25.89774	118.99716	25.86014	87823379	87823378	87823350	87823335	87823329	87823323	87823319	87823317	87823313	87823309	87823304	87823306	87823305	87823297	87823291	87823287	87823283	87823279	87823277	87823273	87823267	87823261	87822874	87823235
S35#87823256#87823085	87823256	87823085	0	8.645000000000001	118.99716	25.86014	118.92154	25.84519	87823256	87823258	87823257	87823231	87823205	87823201	87823196	87823200	87823199	87823191	87823187	87823183	87823175	87823171	87823170	87823169	87823165	87823161	87823155	87823151	87823149	87823146	87823145	87823137	87823133	87823127	87823123	87823112	87823114	87823118	87823117	14157269	87823085
S35#87823096#14968478	87823096	14968478	0	19.09	118.92154	25.84519	118.78588	25.73337	87823096	87823095	87823102	87823101	87823056	87823052	87823048	87823044	87823042	87822869	87823023	87823035	87823034	87823030	87823037	87823036	87823021	87823020	87823012	87823008	87823004	87823000	87822996	87822866	87822993	87822992	87822988	87822984	87822980	87822976	87822972	87822968	87822966	87822955	87822959	87822963	87822962	87822948	87822943	87822942	87822940	87822936	87822932	87822861	87822929	87822928	87822920	87822918	87822908	87822904	14968478
S35#14968602#14960337	14968602	14960337	0	22.992999999999995	118.78588	25.73337	118.71229	25.56368	14968602	14968601	14968597	14968590	14968579	14968575	14968571	14968567	14968563	14968559	14968555	14968551	14968550	14968549	14968543	14968539	14968535	14968531	14968529	14968525	14968509	14968507	14968505	14968502	14968501	14968493	14968489	14968485	14968483	14968471	14968472	14968473	14968474	14968466	14968462	14968458	14968454	14968450	14968446	14968442	14968438	14968434	14968431	14968432	14968424	14968420	14968416	14968412	14968408	14968404	14968401	14968402	14968400	14968396	14968386	14968379	14968380	14960343	14960344	14960337
S35#14960317#14960140	14960317	14960140	0	14.845000000000006	118.71229	25.56368	118.69439	25.44139	14960317	14960330	14960331	14960294	14960290	14960288	14960286	14960283	14960284	14960280	14960278	14960274	14960264	14960262	14960258	14960254	14960250	14960246	14960242	14960238	14960233	14960234	14960230	14960226	14960223	14960224	14960213	14960214	14960204	14960200	14960196	14960192	14960187	14960188	14960180	14960176	14960168	14960163	14960164	14960156	14960152	14960148	14960144	14960140
S35#14960133#14960068	14960133	14960068	0	6.73	118.69439	25.44139	118.66139	25.39089	14960133	14960134	14960108	14960106	14960103	14960104	14960096	14960087	14960091	14960090	14960074	14960070	14960068
S35#14960022#14959956	14960022	14959956	0	7.1370000000000005	118.66139	25.39089	118.63197	25.34173	14960022	14960063	14960062	14960027	14960033	14960032	14960041	14960040	14960036	14959982	14959978	14959975	14959974	14959968	14959964	14959956
S35#14959952#14960060	14959952	14960060	1	5.544	118.63197	25.34173	118.65507	25.38019	14959952	14959955	14959959	14959963	14959967	14959971	14959977	14959981	14959985	14960039	14960043	14960042	14960035	14960061	14960060
S35#14960065#14960109	14960065	14960109	1	7.206	118.65507	25.38019	118.68933	25.43493	14960065	14960067	14960066	14960073	14960079	14960078	14960081	14960083	14960085	14960089	14960088	14960092	14960101	14960109
S35#14960116#14960299	14960116	14960299	1	15.285	118.68933	25.43493	118.71038	25.55995	14960116	14960135	14960137	14960141	14960145	14960149	14960153	14960157	14960165	14960166	14960169	14960177	14960181	14960189	14960190	14960193	14960197	14960201	14960207	14960208	14960217	14960218	14960216	14960219	14960227	14960231	14960232	14960239	14960243	14960247	14960251	14960255	14960259	14960265	14960269	14960271	14960281	14960282	14960291	14960295	14960299
S35#14960332#14968595	14960332	14968595	1	22.817000000000007	118.71038	25.55995	118.78118	25.72972	14960332	14960334	14960335	14960338	14960340	14960341	14960357	14968381	14968383	14968387	14968393	14968397	14968398	14968405	14968409	14968413	14968417	14968421	14968425	14968429	14968435	14968439	14968443	14968447	14968451	14968455	14968459	14968463	14968467	14968475	14968476	14968469	14968470	14968488	14968492	14968496	14968504	14968503	14968514	14968513	14968516	14968520	14968519	14968524	14968534	14968538	14968542	14968546	14968545	14968548	14968554	14968558	14968562	14968566	14968570	14968574	14968578	14968582	14968596	14968595
S35#14968583#87823067	14968583	87823067	1	19.016	118.78118	25.72972	118.91635	25.84093	14968583	14968481	14968599	14968600	87822910	87822912	87822914	87822916	87822930	87822931	87822862	87822934	87822938	87822939	87822927	87822944	87822946	87822964	87822965	87822961	87822957	87822970	87822974	87822978	87822982	87822986	87822990	87822994	87822995	87822865	87822998	87823002	87823006	87823010	87823014	87823018	87823040	87823041	87823039	87823032	87823033	87822870	87823046	87823050	87823054	87823058	87823067
S35#87823099#87823244	87823099	87823244	1	8.932	118.91635	25.84093	118.99452	25.8567	87823099	87823100	87823097	87823103	87823121	87823122	87823120	87823116	87823125	87823135	87823139	87823147	87823148	87823153	87823159	87823160	87823163	87823167	87823168	87823173	87823181	87823185	87823189	87823193	87823194	87823197	87823203	87823207	87823259	87823260	87823244
S35#87823228#87823371	87823228	87823371	1	10.269999999999998	118.99452	25.8567	119.0781	25.89356	87823228	87823253	87823254	87822873	87823271	87823272	87823275	87823276	87823281	87823285	87823289	87823299	87823300	87823295	87823307	87823308	87823311	87823315	87823321	87823325	87823327	87823331	87823370	87823371
S35#87823376#87823525	87823376	87823525	1	20.984000000000005	119.0781	25.89356	119.23961	25.97569	87823376	87823377	87823380	87823382	87823396	87823397	87823410	87823411	87823416	87823420	87823422	87823423	87823426	87823427	87823406	87823430	87823431	87823434	87823438	87823442	87823444	87823450	87823454	87823458	87823462	87823466	87823470	87823474	87823476	87823477	87823478	87823479	87823488	87823489	87823492	87823496	87823497	87823502	87823536	14948439	14948440	87823524	87823525
