G15	1858	4	915	2090700	119.3769411	25.88762188
G15	1859	2	915	2090700	119.3769411	25.88762188
G15	1857	1	915	2090700	119.3769411	25.88762188
G15	1856	3	915	2090700	119.3769411	25.88762188
G15	1863	2	916	2093040	119.3618559	25.87394683
G15	1861	1	916	2093040	119.3618559	25.87394683
G15	1860	3	916	2093040	119.3618559	25.87394683
G15	1862	4	916	2093040	119.3618559	25.87394683
G15	1865	5	917	2113171	119.3078946	25.72040287
G15	1868	8	917	2113171	119.3078946	25.72040287
G15	1869	6	917	2113171	119.3078946	25.72040287
G15	1864	7	917	2113171	119.3078946	25.72040287
G15	1870	4	917	2113171	119.3078946	25.72040287
G15	1871	2	917	2113171	119.3078946	25.72040287
G15	1867	1	917	2113171	119.3078946	25.72040287
G15	1866	3	917	2113171	119.3078946	25.72040287
G15	1873	5	918	2131000	119.2758129	25.56903821
G15	1874	3	918	2131000	119.2758129	25.56903821
G15	1890	2	918	2131000	119.2758129	25.56903821
G15	1889	4	918	2131000	119.2758129	25.56903821
G15	1888	6	918	2131000	119.2758129	25.56903821
G15	1887	8	918	2131000	119.2758129	25.56903821
G15	1875	1	918	2131000	119.2758129	25.56903821
G15	1872	7	918	2131000	119.2758129	25.56903821
G15	1883	7	922	2302020	118.09851	24.64742277
G15	2392	4	922	2302020	118.09851	24.64742277
G15	2391	6	922	2302020	118.09851	24.64742277
G15	2390	8	922	2302020	118.09851	24.64742277
G15	1884	5	922	2302020	118.09851	24.64742277
G15	1885	3	922	2302020	118.09851	24.64742277
G15	1886	1	922	2302020	118.09851	24.64742277
G15	2393	2	922	2302020	118.09851	24.64742277
G15	1706	4	951	2186170	118.8892159	25.26566572
G15	1701	5	951	2186170	118.8892159	25.26566572
G15	1704	8	951	2186170	118.8892159	25.26566572
G15	1703	1	951	2186170	118.8892159	25.26566572
G15	1702	3	951	2186170	118.8892159	25.26566572
G15	1700	7	951	2186170	118.8892159	25.26566572
G15	1707	2	951	2186170	118.8892159	25.26566572
G15	1705	6	951	2186170	118.8892159	25.26566572
G15	1718	3	952	2206260	118.8056175	25.11056591
G15	1719	1	952	2206260	118.8056175	25.11056591
G15	1722	4	952	2206260	118.8056175	25.11056591
G15	1716	7	952	2206260	118.8056175	25.11056591
G15	1717	5	952	2206260	118.8056175	25.11056591
G15	1721	6	952	2206260	118.8056175	25.11056591
G15	1723	2	952	2206260	118.8056175	25.11056591
G15	1720	8	952	2206260	118.8056175	25.11056591
G15	1726	3	953	2223222	118.6893185	25.00894662
G15	1728	8	953	2223222	118.6893185	25.00894662
G15	1731	2	953	2223222	118.6893185	25.00894662
G15	1729	6	953	2223222	118.6893185	25.00894662
G15	1725	5	953	2223222	118.6893185	25.00894662
G15	1730	4	953	2223222	118.6893185	25.00894662
G15	1724	7	953	2223222	118.6893185	25.00894662
G15	1727	1	953	2223222	118.6893185	25.00894662
G15	1588	5	962	2234850	118.6434294	24.9122258
G15	1590	1	962	2234850	118.6434294	24.9122258
G15	1589	3	962	2234850	118.6434294	24.9122258
G15	1587	7	962	2234850	118.6434294	24.9122258
G15	1791	4	967	2148610	119.1678245	25.45565544
G15	1786	5	967	2148610	119.1678245	25.45565544
G15	1787	3	967	2148610	119.1678245	25.45565544
G15	1792	2	967	2148610	119.1678245	25.45565544
G15	1789	8	967	2148610	119.1678245	25.45565544
G15	1785	7	967	2148610	119.1678245	25.45565544
G15	1788	1	967	2148610	119.1678245	25.45565544
G15	1790	6	967	2148610	119.1678245	25.45565544
G15	1800	2	968	2163180	119.0671858	25.36889608
G15	1799	4	968	2163180	119.0671858	25.36889608
G15	1793	7	968	2163180	119.0671858	25.36889608
G15	1797	8	968	2163180	119.0671858	25.36889608
G15	1795	3	968	2163180	119.0671858	25.36889608
G15	1796	1	968	2163180	119.0671858	25.36889608
G15	1798	6	968	2163180	119.0671858	25.36889608
G15	1794	5	968	2163180	119.0671858	25.36889608
G15	1801	7	969	2186170	118.8892159	25.26566572
G15	1803	3	969	2186170	118.8892159	25.26566572
G15	1699	2	969	2186170	118.8892159	25.26566572
G15	1804	1	969	2186170	118.8892159	25.26566572
G15	1802	5	969	2186170	118.8892159	25.26566572
G15	1698	4	969	2186170	118.8892159	25.26566572
G15	1697	6	969	2186170	118.8892159	25.26566572
G15	1696	8	969	2186170	118.8892159	25.26566572
G15	1386	3	991	1999291	119.5760549	26.5539275
G15	1387	1	991	1999291	119.5760549	26.5539275
G15	1388	3	992	2002020	119.5625848	26.53223979
G15	1389	1	992	2002020	119.5625848	26.53223979
G15	1744	5	1016	2227000	118.6707831	24.97938999
G15	1748	6	1016	2227000	118.6707831	24.97938999
G15	1747	8	1016	2227000	118.6707831	24.97938999
G15	1750	2	1016	2227000	118.6707831	24.97938999
G15	1746	1	1016	2227000	118.6707831	24.97938999
G15	1749	4	1016	2227000	118.6707831	24.97938999
G15	1743	7	1016	2227000	118.6707831	24.97938999
G15	1745	3	1016	2227000	118.6707831	24.97938999
G15	1155	3	1017	2335120	117.8160247	24.50591065
G15	1158	4	1017	2335120	117.8160247	24.50591065
G15	1157	4	1017	2335120	117.8160247	24.50591065
G15	1154	3	1017	2335120	117.8160247	24.50591065
G15	1159	2	1017	2335120	117.8160247	24.50591065
G15	1156	1	1017	2335120	117.8160247	24.50591065
G15	230	3	1019	2459567	117.340391	23.77046056
G15	229	2	1019	2459567	117.340391	23.77046056
G15	401	1	1019	2459567	117.340391	23.77046056
G15	400	4	1019	2459567	117.340391	23.77046056
G15	403	3	1020	2444682	117.385258	23.88551767
G15	231	4	1020	2444682	117.385258	23.88551767
G15	402	2	1020	2444682	117.385258	23.88551767
G15	404	1	1020	2444682	117.385258	23.88551767
G15	1494	4	1027	2238890	118.6142866	24.88751936
G15	1493	6	1027	2238890	118.6142866	24.88751936
G15	1492	8	1027	2238890	118.6142866	24.88751936
G15	1495	2	1027	2238890	118.6142866	24.88751936
G15	1496	7	1028	2244880	118.5749762	24.84839096
G15	1498	3	1028	2244880	118.5749762	24.84839096
G15	1497	5	1028	2244880	118.5749762	24.84839096
G15	1503	8	1028	2244880	118.5749762	24.84839096
G15	1502	4	1028	2244880	118.5749762	24.84839096
G15	1501	6	1028	2244880	118.5749762	24.84839096
G15	1500	2	1028	2244880	118.5749762	24.84839096
G15	1499	1	1028	2244880	118.5749762	24.84839096
G15	1508	8	1029	2262906	118.4405567	24.7468123
G15	1507	1	1029	2262906	118.4405567	24.7468123
G15	1506	3	1029	2262906	118.4405567	24.7468123
G15	1504	7	1029	2262906	118.4405567	24.7468123
G15	1510	4	1029	2262906	118.4405567	24.7468123
G15	1505	5	1029	2262906	118.4405567	24.7468123
G15	1509	6	1029	2262906	118.4405567	24.7468123
G15	1511	2	1029	2262906	118.4405567	24.7468123
G15	1513	5	1030	2291220	118.1926808	24.68772351
G15	1512	7	1030	2291220	118.1926808	24.68772351
G15	1519	2	1030	2291220	118.1926808	24.68772351
G15	1516	8	1030	2291220	118.1926808	24.68772351
G15	1515	1	1030	2291220	118.1926808	24.68772351
G15	1518	4	1030	2291220	118.1926808	24.68772351
G15	1514	3	1030	2291220	118.1926808	24.68772351
G15	1517	6	1030	2291220	118.1926808	24.68772351
G15	2368	3	1031	2305970	118.070412	24.62310987
G15	2369	1	1031	2305970	118.070412	24.62310987
G15	1523	2	1031	2305970	118.070412	24.62310987
G15	1521	6	1031	2305970	118.070412	24.62310987
G15	1522	4	1031	2305970	118.070412	24.62310987
G15	1520	8	1031	2305970	118.070412	24.62310987
G15	2366	7	1031	2305970	118.070412	24.62310987
G15	2367	5	1031	2305970	118.070412	24.62310987
G15	1529	6	1032	2267077	118.411495	24.72066467
G15	1530	4	1032	2267077	118.411495	24.72066467
G15	1531	2	1032	2267077	118.411495	24.72066467
G15	2389	1	1032	2267077	118.411495	24.72066467
G15	2386	7	1032	2267077	118.411495	24.72066467
G15	2387	5	1032	2267077	118.411495	24.72066467
G15	2388	3	1032	2267077	118.411495	24.72066467
G15	1528	8	1032	2267077	118.411495	24.72066467
G15	233	2	1103	2437782	117.4108713	23.94249911
G15	234	3	1103	2437782	117.4108713	23.94249911
G15	235	1	1103	2437782	117.4108713	23.94249911
G15	232	4	1103	2437782	117.4108713	23.94249911
G15	1255	2	1117	2002147	119.5619579	26.5312305
G15	1254	4	1117	2002147	119.5619579	26.5312305
G15	1256	4	1118	1999651	119.574278	26.55106653
G15	1385	2	1118	1999651	119.574278	26.55106653
G15	241	2	1129	2378727	117.83096	24.17695117
G15	242	3	1129	2378727	117.83096	24.17695117
G15	240	4	1129	2378727	117.83096	24.17695117
G15	243	1	1129	2378727	117.83096	24.17695117
G15	1160	3	1132	2336975	117.7998696	24.49814096
G15	1162	4	1132	2336975	117.7998696	24.49814096
G15	1163	2	1132	2336975	117.7998696	24.49814096
G15	1161	1	1132	2336975	117.7998696	24.49814096
G15	1165	1	1133	2339216	117.7839832	24.48500807
G15	1166	4	1133	2339216	117.7839832	24.48500807
G15	1164	3	1133	2339216	117.7839832	24.48500807
G15	1167	2	1133	2339216	117.7839832	24.48500807
G15	1291	4	1143	2472160	117.2449304	23.70544573
G15	227	3	1143	2472160	117.2449304	23.70544573
G15	228	1	1143	2472160	117.2449304	23.70544573
G15	683	2	1143	2472160	117.2449304	23.70544573
G15	236	4	1162	2397669	117.7191	24.05150272
G15	239	1	1162	2397669	117.7191	24.05150272
G15	237	2	1162	2397669	117.7191	24.05150272
G15	238	3	1162	2397669	117.7191	24.05150272
G15	956	3	1206	1961135	119.6556111	26.80691171
G15	957	1	1206	1961135	119.6556111	26.80691171
G15	959	1	1207	1961100	119.6559634	26.80690176
G15	958	3	1207	1961100	119.6559634	26.80690176
G15	960	4	1208	1868260	120.2574415	27.22596846
G15	961	2	1208	1868260	120.2574415	27.22596846
G15	963	2	1209	1870545	120.2649733	27.20635128
G15	962	4	1209	1870545	120.2649733	27.20635128
G15	809	2	1279	2066300	119.4901888	26.03250375
G15	810	4	1279	2066300	119.4901888	26.03250375
G15	808	3	1280	2066600	119.4887612	26.03046703
G15	807	1	1280	2066600	119.4887612	26.03046703
G15	224	4	1282	2397000	117.7213417	24.05745473
G15	226	3	1282	2397000	117.7213417	24.05745473
G15	819	1	1282	2397000	117.7213417	24.05745473
G15	225	2	1282	2397000	117.7213417	24.05745473
G15	875	2	1307	1985464	119.5484865	26.63726189
G15	871	4	1307	1985464	119.5484865	26.63726189
G15	990	3	1307	1985464	119.5484865	26.63726189
G15	870	1	1307	1985464	119.5484865	26.63726189
G15	873	1	1308	2012542	119.5005416	26.4695024
G15	872	5	1308	2012542	119.5005416	26.4695024
G15	869	3	1308	2012542	119.5005416	26.4695024
G15	660	4	1308	2012542	119.5005416	26.4695024
G15	445	2	1308	2012542	119.5005416	26.4695024
G15	327	4	1377	1906262	120.1476461	26.93872102
G15	328	2	1377	1906262	120.1476461	26.93872102
G15	329	3	1378	1884313	120.2439209	27.09472216
G15	330	1	1378	1884313	120.2439209	27.09472216
G15	332	2	1378	1884313	120.2439209	27.09472216
G15	331	4	1378	1884313	120.2439209	27.09472216
G15	336	2	1379	1861500	120.2245937	27.27822351
G15	335	4	1379	1861500	120.2245937	27.27822351
G15	333	3	1379	1861500	120.2245937	27.27822351
G15	334	1	1379	1861500	120.2245937	27.27822351
G15	337	3	1380	1858485	120.2231117	27.30416298
G15	339	4	1380	1858485	120.2231117	27.30416298
G15	338	1	1380	1858485	120.2231117	27.30416298
G15	340	2	1380	1858485	120.2231117	27.30416298
G15	342	1	1381	1896212	120.2074863	27.00062782
G15	341	3	1381	1896212	120.2074863	27.00062782
G15	343	4	1382	1891907	120.2268925	27.03428807
G15	344	2	1382	1891907	120.2268925	27.03428807
G15	459	3	1384	2074554	119.4883185	25.97284656
G15	458	1	1384	2074554	119.4883185	25.97284656
G15	357	1	1385	2075903	119.4787516	25.96514541
G15	358	3	1385	2075903	119.4787516	25.96514541
G15	359	2	1386	2075998	119.4780665	25.96460138
G15	360	4	1386	2075998	119.4780665	25.96460138
G15	367	1	1389	2026528	119.4955291	26.35135228
G15	368	3	1389	2026528	119.4955291	26.35135228
G15	370	4	1390	2026528	119.4955291	26.35135228
G15	369	2	1390	2026528	119.4955291	26.35135228
G15	389	2	1392	1975845	119.5755797	26.71456175
G15	387	1	1392	1975845	119.5755797	26.71456175
G15	388	4	1392	1975845	119.5755797	26.71456175
G15	386	3	1392	1975845	119.5755797	26.71456175
G15	395	1	1394	1950600	119.7512882	26.83484555
G15	394	3	1394	1950600	119.7512882	26.83484555
G15	396	4	1395	1952276	119.7345688	26.83691642
G15	397	2	1395	1952276	119.7345688	26.83691642
G15	454	2	1407	2063306	119.4974415	26.05575718
G15	455	4	1407	2063306	119.4974415	26.05575718
G15	457	1	1408	2063293	119.4974546	26.05587311
G15	456	3	1408	2063293	119.4974546	26.05587311
G15	520	3	1420	2314400	117.9971418	24.58540371
G15	523	2	1420	2314400	117.9971418	24.58540371
G15	522	7	1420	2314400	117.9971418	24.58540371
G15	524	4	1420	2314400	117.9971418	24.58540371
G15	526	8	1420	2314400	117.9971418	24.58540371
G15	519	1	1420	2314400	117.9971418	24.58540371
G15	521	5	1420	2314400	117.9971418	24.58540371
G15	525	6	1420	2314400	117.9971418	24.58540371
G15	1527	1	45543	443280	120.2646515	27.43272679
G15	1524	7	45543	443280	120.2646515	27.43272679
G15	1526	3	45543	443280	120.2646515	27.43272679
G15	1525	5	45543	443280	120.2646515	27.43272679
G15	1784	2	45544	2148650	119.1675047	25.4554401
G15	1783	4	45544	2148650	119.1675047	25.4554401
G15	1777	7	45544	2148650	119.1675047	25.4554401
G15	1781	8	45544	2148650	119.1675047	25.4554401
G15	1780	1	45544	2148650	119.1675047	25.4554401
G15	1782	6	45544	2148650	119.1675047	25.4554401
G15	1778	5	45544	2148650	119.1675047	25.4554401
G15	1779	3	45544	2148650	119.1675047	25.4554401
G15	1714	4	45545	2194600	118.8615753	25.19439479
G15	1713	6	45545	2194600	118.8615753	25.19439479
G15	1709	5	45545	2194600	118.8615753	25.19439479
G15	1715	2	45545	2194600	118.8615753	25.19439479
G15	1710	3	45545	2194600	118.8615753	25.19439479
G15	1708	7	45545	2194600	118.8615753	25.19439479
G15	1711	1	45545	2194600	118.8615753	25.19439479
G15	1712	8	45545	2194600	118.8615753	25.19439479
G15	800	4	45559	57301	120.2646515	27.43272679
G15	799	2	45559	57301	120.2646515	27.43272679
G15	801	1	45560	19800	120.2646515	27.43272679
G15	802	3	45560	19800	120.2646515	27.43272679
G15	804	4	45561	18600	120.2646515	27.43272679
G15	803	2	45561	18600	120.2646515	27.43272679
G15	806	3	45562	33500	120.2646515	27.43272679
G15	805	1	45562	33500	120.2646515	27.43272679
G15	812	4	45563	57301	120.2646515	27.43272679
G15	811	2	45563	57301	120.2646515	27.43272679
G15	2188	4	45585	114820	120.2646515	27.43272679
G15	2189	2	45585	114820	120.2646515	27.43272679
G15	2190	4	45586	114820	120.2646515	27.43272679
G15	2191	2	45586	114820	120.2646515	27.43272679
G15	2192	3	45587	114820	120.2646515	27.43272679
G15	2193	1	45587	114820	120.2646515	27.43272679
G15	2194	3	45588	114820	120.2646515	27.43272679
G15	2195	1	45588	114820	120.2646515	27.43272679
G15	2197	2	45589	114820	120.2646515	27.43272679
G15	2196	4	45589	114820	120.2646515	27.43272679
G15	2199	2	45590	114820	120.2646515	27.43272679
G15	2198	4	45590	114820	120.2646515	27.43272679
G15	2200	3	45591	114820	120.2646515	27.43272679
G15	2201	1	45591	114820	120.2646515	27.43272679
G15	2202	3	45592	114820	120.2646515	27.43272679
G15	2203	1	45592	114820	120.2646515	27.43272679
G15	2371	5	45726	2254100	118.5030551	24.79952733
G15	2377	2	45726	2254100	118.5030551	24.79952733
G15	2372	3	45726	2254100	118.5030551	24.79952733
G15	2373	1	45726	2254100	118.5030551	24.79952733
G15	2374	8	45726	2254100	118.5030551	24.79952733
G15	2375	6	45726	2254100	118.5030551	24.79952733
G15	2376	4	45726	2254100	118.5030551	24.79952733
G15	2370	7	45726	2254100	118.5030551	24.79952733
G15	2385	2	45727	2280000	118.3004679	24.67672249
G15	2383	6	45727	2280000	118.3004679	24.67672249
G15	2382	8	45727	2280000	118.3004679	24.67672249
G15	2381	1	45727	2280000	118.3004679	24.67672249
G15	2380	3	45727	2280000	118.3004679	24.67672249
G15	2379	5	45727	2280000	118.3004679	24.67672249
G15	2378	7	45727	2280000	118.3004679	24.67672249
G15	2384	4	45727	2280000	118.3004679	24.67672249
G70	1257	2	1018	192800	117.9957376	26.51027794
G70	1258	4	1018	192800	117.9957376	26.51027794
G70	1240	3	1018	192800	117.9957376	26.51027794
G70	1450	1	1018	192800	117.9957376	26.51027794
G70	1185	3	1059	122000	118.4866941	26.27189928
G70	987	1	1059	122000	118.4866941	26.27189928
G70	1445	1	1089	36000	119.1487817	26.10343897
G70	1447	2	1089	36000	119.1487817	26.10343897
G70	1446	4	1089	36000	119.1487817	26.10343897
G70	1444	3	1089	36000	119.1487817	26.10343897
G70	874	4	1091	75000	118.8168375	26.17972752
G70	1394	1	1091	75000	118.8168375	26.17972752
G70	657	2	1091	75000	118.8168375	26.17972752
G70	1384	3	1091	75000	118.8168375	26.17972752
G70	1228	1	1179	179000	118.1221237	26.51411539
G70	1235	4	1179	179000	118.1221237	26.51411539
G70	1234	2	1179	179000	118.1221237	26.51411539
G70	1229	3	1179	179000	118.1221237	26.51411539
G70	1230	1	1180	178270	118.1256502	26.50802955
G70	1231	3	1180	178270	118.1256502	26.50802955
G70	1236	2	1180	178270	118.1256502	26.50802955
G70	1237	4	1180	178270	118.1256502	26.50802955
G70	1017	1	1201	295400	117.3866339	26.91898139
G70	1020	2	1201	295400	117.3866339	26.91898139
G70	1021	1	1202	260800	117.5416626	26.6878243
G70	1026	2	1202	260800	117.5416626	26.6878243
G70	1032	2	1203	263000	117.5238034	26.69757606
G70	1027	1	1203	263000	117.5238034	26.69757606
G70	939	2	1204	239400	117.7115598	26.59788894
G70	953	4	1204	239400	117.7115598	26.59788894
G70	955	3	1205	240100	117.7049283	26.59999298
G70	954	1	1205	240100	117.7049283	26.59999298
G70	952	1	1220	282000	117.4634643	26.82977267
G70	1002	2	1220	282000	117.4634643	26.82977267
G70	1005	1	1221	282200	117.4618401	26.83079324
G70	1008	2	1221	282200	117.4618401	26.83079324
G70	1011	1	1222	301000	117.3359076	26.93772258
G70	1014	2	1222	301000	117.3359076	26.93772258
G70	577	4	1329	88400	118.705622	26.19204581
G70	578	2	1329	88400	118.705622	26.19204581
G70	580	2	1330	47400	119.0606342	26.15769722
G70	579	4	1330	47400	119.0606342	26.15769722
G70	582	1	1331	8660	119.3313695	25.94982424
G70	581	3	1331	8660	119.3313695	25.94982424
G70	584	1	1332	27700	119.1823664	26.04162802
G70	583	3	1332	27700	119.1823664	26.04162802
G70	704	3	1338	94000	118.6555851	26.18572274
G70	703	1	1338	94000	118.6555851	26.18572274
G70	706	3	1339	99000	118.6222526	26.21961089
G70	705	1	1339	99000	118.6222526	26.21961089
G70	605	2	1340	94100	118.6549168	26.18639974
G70	606	4	1340	94100	118.6549168	26.18639974
G70	608	4	1341	99100	118.6217683	26.22037151
G70	607	2	1341	99100	118.6217683	26.22037151
G70	2167	2	1342	41500	119.1064789	26.13226966
G70	2166	4	1342	41500	119.1064789	26.13226966
G70	2168	3	1343	43100	119.0917852	26.13790474
G70	2169	1	1343	43100	119.0917852	26.13790474
G70	2174	3	1344	70800	118.85569	26.1735425
G70	2175	1	1344	70800	118.85569	26.1735425
G70	2177	2	1345	62200	118.9308794	26.19239649
G70	2176	4	1345	62200	118.9308794	26.19239649
G70	2178	3	1346	63300	118.9202463	26.19264102
G70	2179	1	1346	63300	118.9202463	26.19264102
G70	634	2	1349	68900	118.8721696	26.18165055
G70	633	4	1349	68900	118.8721696	26.18165055
G70	496	4	1350	122100	118.4857694	26.27151536
G70	658	2	1350	122100	118.4857694	26.27151536
G70	1443	3	1419	214750	117.8124674	26.42910114
G70	444	1	1419	214750	117.8124674	26.42910114
G70	1448	4	1419	214750	117.8124674	26.42910114
G70	1449	2	1419	214750	117.8124674	26.42910114
G70	2159	2	45566	19800	119.2324571	25.98821812
G70	2158	4	45566	19800	119.2324571	25.98821812
G70	2161	2	45567	19800	119.2324571	25.98821812
G70	2160	4	45567	19800	119.2324571	25.98821812
G70	2162	3	45568	19800	119.2324571	25.98821812
G70	2163	1	45568	19800	119.2324571	25.98821812
G70	2165	1	45569	19800	119.2324571	25.98821812
G70	2164	3	45569	19800	119.2324571	25.98821812
G70	609	4	45570	81646	118.7579276	26.1688851
G70	610	2	45570	81646	118.7579276	26.1688851
G70	611	3	45571	95555	118.6451924	26.19624999
G70	612	1	45571	95555	118.6451924	26.19624999
G70	2170	4	45572	114820	118.5348155	26.29164249
G70	2171	2	45572	114820	118.5348155	26.29164249
G70	613	4	45573	114820	118.5348155	26.29164249
G70	614	2	45573	114820	118.5348155	26.29164249
G70	2173	1	45574	114820	118.5348155	26.29164249
G70	2172	3	45574	114820	118.5348155	26.29164249
G70	616	2	45575	114820	118.5348155	26.29164249
G70	615	4	45575	114820	118.5348155	26.29164249
G70	617	3	45576	114820	118.5348155	26.29164249
G70	618	1	45576	114820	118.5348155	26.29164249
G70	2181	2	45577	79700	118.7749916	26.17680937
G70	2180	4	45577	79700	118.7749916	26.17680937
G70	1142	4	45578	81694	118.7575022	26.1687079
G70	1143	2	45578	81694	118.7575022	26.1687079
G70	2183	1	45579	83198	118.7432111	26.16984971
G70	2182	3	45579	83198	118.7432111	26.16984971
G70	1144	3	45580	85365	118.7267522	26.18226592
G70	1145	1	45580	85365	118.7267522	26.18226592
G70	2185	2	45581	83093	118.7441135	26.16935647
G70	2184	4	45581	83093	118.7441135	26.16935647
G70	1147	2	45582	81646	118.7579276	26.1688851
G70	1146	4	45582	81646	118.7579276	26.1688851
G70	2186	3	45583	95555	118.6451924	26.19624999
G70	2187	1	45583	95555	118.6451924	26.19624999
G70	1149	1	45584	114820	118.5348155	26.29164249
G70	1148	3	45584	114820	118.5348155	26.29164249
G72	1892	1	923	123745	117.8682752	25.55162957
G72	1891	3	923	123745	117.8682752	25.55162957
G72	1893	3	924	172425	117.5293691	25.77762881
G72	1894	1	924	172425	117.5293691	25.77762881
G72	1895	4	925	173955	117.5161181	25.77091232
G72	1732	2	925	173955	117.5161181	25.77091232
G72	1592	6	929	42360	118.3947264	25.13838313
G72	1594	2	929	42360	118.3947264	25.13838313
G72	1593	4	929	42360	118.3947264	25.13838313
G72	1596	3	930	26920	118.4131918	25.00451742
G72	1595	5	930	26920	118.4131918	25.00451742
G72	1597	1	930	26920	118.4131918	25.00451742
G72	1600	2	931	28991	118.4075005	25.02200361
G72	1599	4	931	28991	118.4075005	25.02200361
G72	1598	6	931	28991	118.4075005	25.02200361
G72	1602	1	932	67417	118.2328419	25.29233316
G72	1601	3	932	67417	118.2328419	25.29233316
G72	1604	2	933	68482	118.2233496	25.29035782
G72	1603	4	933	68482	118.2233496	25.29035782
G72	1607	1	934	4675	118.5324665	24.85878469
G72	1608	6	934	4675	118.5324665	24.85878469
G72	1606	3	934	4675	118.5324665	24.85878469
G72	1610	2	934	4675	118.5324665	24.85878469
G72	1609	4	934	4675	118.5324665	24.85878469
G72	1605	5	934	4675	118.5324665	24.85878469
G72	1612	3	935	12650	118.507156	24.91907931
G72	1613	1	935	12650	118.507156	24.91907931
G72	1614	6	935	12650	118.507156	24.91907931
G72	1616	2	935	12650	118.507156	24.91907931
G72	1615	4	935	12650	118.507156	24.91907931
G72	1611	5	935	12650	118.507156	24.91907931
G72	1621	4	936	14950	118.4926813	24.934556
G72	1617	5	936	14950	118.4926813	24.934556
G72	1620	6	936	14950	118.4926813	24.934556
G72	1619	1	936	14950	118.4926813	24.934556
G72	1622	2	936	14950	118.4926813	24.934556
G72	1618	3	936	14950	118.4926813	24.934556
G72	1626	6	937	31950	118.3984776	25.04557397
G72	1623	5	937	31950	118.3984776	25.04557397
G72	1625	1	937	31950	118.3984776	25.04557397
G72	1624	3	937	31950	118.3984776	25.04557397
G72	1628	2	937	31950	118.3984776	25.04557397
G72	1627	4	937	31950	118.3984776	25.04557397
G72	1633	4	938	64490	118.248518	25.27094579
G72	1632	6	938	64490	118.248518	25.27094579
G72	1629	5	938	64490	118.248518	25.27094579
G72	1630	3	938	64490	118.248518	25.27094579
G72	1631	1	938	64490	118.248518	25.27094579
G72	1634	2	938	64490	118.248518	25.27094579
G72	1637	4	939	78925	118.156062	25.34735031
G72	1638	2	939	78925	118.156062	25.34735031
G72	1636	1	939	78925	118.156062	25.34735031
G72	1635	3	939	78925	118.156062	25.34735031
G72	1591	1	950	40090	118.3915653	25.11833703
G72	1695	3	950	40090	118.3915653	25.11833703
G72	1694	5	950	40090	118.3915653	25.11833703
G72	1733	4	954	128300	117.8430013	25.58343399
G72	1734	2	954	128300	117.8430013	25.58343399
G72	1735	3	955	119560	117.8865772	25.52112529
G72	1738	2	955	119560	117.8865772	25.52112529
G72	1737	4	955	119560	117.8865772	25.52112529
G72	1736	1	955	119560	117.8865772	25.52112529
G72	1741	4	956	135610	117.8357317	25.6458957
G72	1739	3	956	135610	117.8357317	25.6458957
G72	1740	1	956	135610	117.8357317	25.6458957
G72	1742	2	956	135610	117.8357317	25.6458957
G72	1533	1	1033	146190	117.7468646	25.68584583
G72	1532	3	1033	146190	117.7468646	25.68584583
G72	1535	2	1034	151526	117.6938067	25.68931601
G72	1534	4	1034	151526	117.6938067	25.68931601
G72	1536	3	1035	141703	117.7862641	25.67203024
G72	1537	1	1035	141703	117.7862641	25.67203024
G72	1539	2	1036	183420	117.4475177	25.81653391
G72	1538	4	1036	183420	117.4475177	25.81653391
G72	1540	4	1037	144508	117.7597157	25.676471
G72	1541	2	1037	144508	117.7597157	25.676471
G72	1543	1	1038	176050	117.4976769	25.77671756
G72	1542	3	1038	176050	117.4976769	25.77671756
G72	1544	3	1039	106420	118.0079598	25.50379793
G72	1547	2	1039	106420	118.0079598	25.50379793
G72	1545	1	1039	106420	118.0079598	25.50379793
G72	1546	4	1039	106420	118.0079598	25.50379793
G72	1549	1	1040	90440	118.1227789	25.42560628
G72	1548	3	1040	90440	118.1227789	25.42560628
G72	1550	4	1041	92210	118.1073031	25.43257229
G72	1551	2	1041	92210	118.1073031	25.43257229
G72	1558	4	1044	187800	117.4192472	25.84056018
G72	1559	2	1044	187800	117.4192472	25.84056018
G72	1556	3	1044	187800	117.4192472	25.84056018
G72	1557	1	1044	187800	117.4192472	25.84056018
G72	1561	1	1045	200270	117.3496119	25.92311726
G72	1560	3	1045	200270	117.3496119	25.92311726
G72	1563	2	1045	200270	117.3496119	25.92311726
G72	1562	4	1045	200270	117.3496119	25.92311726
G72	1241	3	1055	250498	117.0792666	26.19998357
G72	1242	1	1055	250498	117.0792666	26.19998357
G72	1243	4	1056	249505	117.0882173	26.19630165
G72	1244	2	1056	249505	117.0882173	26.19630165
G72	1246	1	1057	292550	116.7084769	26.27238887
G72	1248	2	1057	292550	116.7084769	26.27238887
G72	1247	4	1057	292550	116.7084769	26.27238887
G72	1245	3	1057	292550	116.7084769	26.27238887
G72	1261	4	1058	279513	116.8121864	26.21038603
G72	1262	2	1058	279513	116.8121864	26.21038603
G72	1259	3	1058	279513	116.8121864	26.21038603
G72	1260	1	1058	279513	116.8121864	26.21038603
G72	1266	2	1090	267000	116.9266377	26.18213899
G72	1263	3	1090	267000	116.9266377	26.18213899
G72	1264	1	1090	267000	116.9266377	26.18213899
G72	1265	4	1090	267000	116.9266377	26.18213899
G72	1269	4	1092	267275	116.9241208	26.18313891
G72	1270	2	1092	267275	116.9241208	26.18313891
G72	1268	1	1092	267275	116.9241208	26.18313891
G72	1267	3	1092	267275	116.9241208	26.18313891
G72	1272	1	1093	267827	116.9188895	26.18462221
G72	1271	3	1093	267827	116.9188895	26.18462221
G72	1273	4	1094	267648	116.9206098	26.18423413
G72	1274	2	1094	267648	116.9206098	26.18423413
G72	1275	3	1095	312300	116.5248098	26.26261032
G72	1278	2	1095	312300	116.5248098	26.26261032
G72	1277	4	1095	312300	116.5248098	26.26261032
G72	1276	1	1095	312300	116.5248098	26.26261032
G72	1282	2	1096	246336	117.1183864	26.18928738
G72	1279	3	1096	246336	117.1183864	26.18928738
G72	1281	4	1096	246336	117.1183864	26.18928738
G72	1280	1	1096	246336	117.1183864	26.18928738
G72	1286	2	1097	240870	117.1703814	26.19184897
G72	1284	1	1097	240870	117.1703814	26.19184897
G72	1285	4	1097	240870	117.1703814	26.19184897
G72	1283	3	1097	240870	117.1703814	26.19184897
G72	1288	1	1098	241898	117.1604295	26.18965683
G72	1290	2	1098	241898	117.1604295	26.18965683
G72	1287	3	1098	241898	117.1604295	26.18965683
G72	1289	4	1098	241898	117.1604295	26.18965683
G72	1123	3	1124	219000	117.3030331	26.06300379
G72	1125	4	1124	219000	117.3030331	26.06300379
G72	1124	1	1124	219000	117.3030331	26.06300379
G72	1126	2	1124	219000	117.3030331	26.06300379
G72	1129	4	1125	221000	117.2961666	26.07981047
G72	1128	1	1125	221000	117.2961666	26.07981047
G72	1127	3	1125	221000	117.2961666	26.07981047
G72	1130	2	1125	221000	117.2961666	26.07981047
G72	1132	1	1126	220000	117.2995776	26.07139975
G72	1131	3	1126	220000	117.2995776	26.07139975
G72	1134	2	1127	220100	117.29924	26.07224032
G72	1133	4	1127	220100	117.29924	26.07224032
G72	1963	2	45484	147260	117.7362021	25.68669109
G72	1960	3	45484	147260	117.7362021	25.68669109
G72	1961	1	45484	147260	117.7362021	25.68669109
G72	1962	4	45484	147260	117.7362021	25.68669109
G72	1964	3	45485	124774	117.8653119	25.56014452
G72	1965	1	45485	124774	117.8653119	25.56014452
G72	1967	1	45486	125496	117.8600817	25.56454814
G72	1966	3	45486	125496	117.8600817	25.56454814
G72	1968	3	45487	126589	117.8522432	25.5711479
G72	1969	1	45487	126589	117.8522432	25.5711479
G72	1970	3	45488	127397	117.8465377	25.57605478
G72	1971	1	45488	127397	117.8465377	25.57605478
G72	1972	4	45489	127363	117.8467689	25.57584126
G72	1973	2	45489	127363	117.8467689	25.57584126
G72	1975	2	45490	126932	117.8497841	25.57321838
G72	1974	4	45490	126932	117.8497841	25.57321838
G72	1976	4	45491	125920	117.8570399	25.56710923
G72	1977	2	45491	125920	117.8570399	25.56710923
G72	1979	2	45492	125460	117.86034	25.56433069
G72	1978	4	45492	125460	117.86034	25.56433069
G72	1981	2	45493	124310	117.8682473	25.55683541
G72	1980	4	45493	124310	117.8682473	25.55683541
G72	1982	3	45494	147113	117.7376659	25.6866078
G72	1983	1	45494	147113	117.7376659	25.6866078
G72	1985	1	45495	147402	117.7347881	25.68677155
G72	1984	3	45495	147402	117.7347881	25.68677155
G72	1987	1	45496	148263	117.7262162	25.68725482
G72	1986	3	45496	148263	117.7262162	25.68725482
G72	1989	1	45497	148631	117.7225543	25.68745836
G72	1988	3	45497	148631	117.7225543	25.68745836
G72	1990	3	45498	149470	117.7142049	25.68792245
G72	1991	1	45498	149470	117.7142049	25.68792245
G72	1992	3	45499	150020	117.708731	25.68822671
G72	1993	1	45499	150020	117.708731	25.68822671
G72	1995	1	45500	151115	117.6978383	25.68883216
G72	1994	3	45500	151115	117.6978383	25.68883216
G72	1997	2	45501	150700	117.7019609	25.68860301
G72	1996	4	45501	150700	117.7019609	25.68860301
G72	1999	2	45502	149596	117.7129509	25.68799215
G72	1998	4	45502	149596	117.7129509	25.68799215
G72	2000	4	45503	149290	117.7159964	25.68782288
G72	2001	2	45503	149290	117.7159964	25.68782288
G72	2002	4	45504	148400	117.7248529	25.68733059
G72	2003	2	45504	148400	117.7248529	25.68733059
G72	2004	4	45505	148020	117.7286342	25.68712041
G72	2005	2	45505	148020	117.7286342	25.68712041
G72	2006	4	45506	147204	117.7367598	25.68665936
G72	2007	2	45506	147204	117.7367598	25.68665936
G72	2009	2	45507	146543	117.7433582	25.68627784
G72	2008	4	45507	146543	117.7433582	25.68627784
G72	2010	4	45508	177710	117.4873338	25.78606031
G72	2011	2	45508	177710	117.4873338	25.78606031
G72	2013	1	45509	181195	117.4677665	25.80958986
G72	2012	3	45509	181195	117.4677665	25.80958986
G72	2015	1	45510	182202	117.4584729	25.81253162
G72	2014	3	45510	182202	117.4584729	25.81253162
G72	2016	3	45511	183090	117.4501709	25.81473276
G72	2017	1	45511	183090	117.4501709	25.81473276
G72	2018	4	45512	182300	117.4575453	25.81273832
G72	2019	2	45512	182300	117.4575453	25.81273832
G72	2020	4	45513	191332	117.3948108	25.86044923
G72	2021	2	45513	191332	117.3948108	25.86044923
G72	2396	4	45515	67510	118.2320091	25.29266712
G72	2397	2	45515	67510	118.2320091	25.29266712
G72	2394	3	45515	67510	118.2320091	25.29266712
G72	2395	1	45515	67510	118.2320091	25.29266712
G72	2026	5	45516	7050	118.5319045	24.8795319
G72	2027	3	45516	7050	118.5319045	24.8795319
G72	2028	1	45516	7050	118.5319045	24.8795319
G72	2030	4	45517	8643	118.5299923	24.8927937
G72	2029	6	45517	8643	118.5299923	24.8927937
G72	2031	2	45517	8643	118.5299923	24.8927937
G72	2033	3	45518	27295	118.4109416	25.00717078
G72	2034	1	45518	27295	118.4109416	25.00717078
G72	2032	5	45518	27295	118.4109416	25.00717078
G72	2037	1	45519	29330	118.4072574	25.02503638
G72	2036	3	45519	29330	118.4072574	25.02503638
G72	2035	5	45519	29330	118.4072574	25.02503638
G72	2040	1	45520	34455	118.398135	25.06757962
G72	2038	5	45520	34455	118.398135	25.06757962
G72	2039	3	45520	34455	118.398135	25.06757962
G72	2043	1	45521	36690	118.3959533	25.0874904
G72	2042	3	45521	36690	118.3959533	25.0874904
G72	2041	5	45521	36690	118.3959533	25.0874904
G72	2045	4	45522	38950	118.3925406	25.107923
G72	2044	6	45522	38950	118.3925406	25.107923
G72	2046	2	45522	38950	118.3925406	25.107923
G72	2049	2	45523	37180	118.395824	25.09189347
G72	2047	6	45523	37180	118.395824	25.09189347
G72	2048	4	45523	37180	118.395824	25.09189347
G72	2052	1	45524	60550	118.274008	25.24714653
G72	2051	3	45524	60550	118.274008	25.24714653
G72	2050	5	45524	60550	118.274008	25.24714653
G72	2054	4	45525	62000	118.2678638	25.25891885
G72	2053	6	45525	62000	118.2678638	25.25891885
G72	2055	2	45525	62000	118.2678638	25.25891885
G72	2057	1	45526	67020	118.2350923	25.28935928
G72	2056	3	45526	67020	118.2350923	25.28935928
G72	2059	2	45527	68900	118.2196859	25.29181212
G72	2058	4	45527	68900	118.2196859	25.29181212
G72	2060	3	45528	84102	118.1680439	25.38862434
G72	2061	1	45528	84102	118.1680439	25.38862434
G72	2063	2	45529	85950	118.1548537	25.39954962
G72	2062	4	45529	85950	118.1548537	25.39954962
G72	2064	3	45530	90955	118.1179096	25.42701343
G72	2065	1	45530	90955	118.1179096	25.42701343
G72	2066	3	45531	92455	118.1053591	25.43381687
G72	2067	1	45531	92455	118.1053591	25.43381687
G72	2069	2	45532	94720	118.0947792	25.45191198
G72	2068	4	45532	94720	118.0947792	25.45191198
G72	2070	4	45533	93710	118.0991671	25.44365075
G72	2071	2	45533	93710	118.0991671	25.44365075
G72	2073	1	45534	96752	118.0847394	25.46752312
G72	2072	3	45534	96752	118.0847394	25.46752312
G72	2074	3	45535	97060	118.0825684	25.46936967
G72	2075	1	45535	97060	118.0825684	25.46936967
G72	2076	4	45536	98325	118.0749581	25.47770527
G72	2077	2	45536	98325	118.0749581	25.47770527
G72	2078	4	45537	98045	118.0772842	25.47630979
G72	2079	2	45537	98045	118.0772842	25.47630979
G72	2081	1	45538	101130	118.0481302	25.4788877
G72	2080	3	45538	101130	118.0481302	25.4788877
G72	2082	3	45539	101455	118.04496	25.47921052
G72	2083	1	45539	101455	118.04496	25.47921052
G72	2085	2	45540	103550	118.0264803	25.48453962
G72	2084	4	45540	103550	118.0264803	25.48453962
G72	2087	2	45541	103160	118.029584	25.48257011
G72	2086	4	45541	103160	118.029584	25.48257011
G72	2089	1	45542	103300	118.0284254	25.48320476
G72	2088	3	45542	103300	118.0284254	25.48320476
G76	1171	4	1134	33900	117.808304	24.66617511
G76	1170	2	1134	33900	117.808304	24.66617511
G76	1169	3	1134	33900	117.808304	24.66617511
G76	1168	1	1134	33900	117.808304	24.66617511
G76	1173	3	1135	71320	117.4636884	24.64959949
G76	1174	2	1135	71320	117.4636884	24.64959949
G76	1172	1	1135	71320	117.4636884	24.64959949
G76	1175	4	1135	71320	117.4636884	24.64959949
G76	993	3	1215	85400	117.371078	24.73610318
G76	994	1	1215	85400	117.371078	24.73610318
G76	995	3	1216	85500	117.3700934	24.7363444
G76	996	1	1216	85500	117.3700934	24.7363444
G76	998	2	1217	85000	117.3750165	24.73513833
G76	997	4	1217	85000	117.3750165	24.73513833
G76	1000	2	1218	85100	117.3740319	24.73537954
G76	999	4	1218	85100	117.3740319	24.73537954
G76	822	1	1259	141500	117.018578	25.05190518
G76	821	2	1259	141500	117.018578	25.05190518
G76	820	1	1259	141500	117.018578	25.05190518
G76	823	2	1259	141500	117.018578	25.05190518
G76	755	2	1260	137200	117.0516658	25.02907877
G76	824	1	1260	137200	117.0516658	25.02907877
G76	756	1	1261	136600	117.0560941	25.0254659
G76	757	2	1261	136600	117.0560941	25.0254659
G76	758	1	1262	120500	117.1353292	24.92352934
G76	759	2	1262	120500	117.1353292	24.92352934
G76	760	1	1263	118500	117.1540256	24.9188835
G76	761	2	1263	118500	117.1540256	24.9188835
G76	763	2	1264	112500	117.1977695	24.90164495
G76	762	1	1264	112500	117.1977695	24.90164495
G76	764	1	1265	111800	117.2039012	24.89870002
G76	765	2	1265	111800	117.2039012	24.89870002
G76	292	5	42298	38100	117.7688751	24.66185929
G76	289	2	42298	38100	117.7688751	24.66185929
G76	288	1	42298	38100	117.7688751	24.66185929
G76	290	3	42298	38100	117.7688751	24.66185929
G76	291	4	42298	38100	117.7688751	24.66185929
G76	293	6	42298	38100	117.7688751	24.66185929
G76	297	4	42299	39079	117.7593414	24.66216915
G76	298	5	42299	39079	117.7593414	24.66216915
G76	295	2	42299	39079	117.7593414	24.66216915
G76	296	3	42299	39079	117.7593414	24.66216915
G76	294	1	42299	39079	117.7593414	24.66216915
G76	299	6	42299	39079	117.7593414	24.66216915
G76	2140	1	45595	52560	117.6383834	24.6292425
G76	2141	3	45595	52560	117.6383834	24.6292425
G76	2143	4	45595	52560	117.6383834	24.6292425
G76	2142	2	45595	52560	117.6383834	24.6292425
G76	2144	1	45596	73030	117.4512916	24.6589235
G76	2145	3	45596	73030	117.4512916	24.6589235
G76	2146	2	45596	73030	117.4512916	24.6589235
G76	2147	4	45596	73030	117.4512916	24.6589235
G76	2149	3	45597	91620	117.3285174	24.77098237
G76	2151	4	45597	91620	117.3285174	24.77098237
G76	2150	2	45597	91620	117.3285174	24.77098237
G76	2148	1	45597	91620	117.3285174	24.77098237
G1501	1769	4	963	35170	119.4081516	26.23657649
G1501	1770	2	963	35170	119.4081516	26.23657649
G1501	1772	1	964	18130	119.2984682	26.14006675
G1501	1771	3	964	18130	119.2984682	26.14006675
G1501	1774	2	965	22260	119.3290161	26.16349977
G1501	1773	4	965	22260	119.3290161	26.16349977
G1501	1775	4	966	23815	119.3341612	26.17673444
G1501	1776	2	966	23815	119.3341612	26.17673444
G1501	1442	1	1014	34393	119.4017545	26.23321056
G1501	1441	3	1014	34393	119.4017545	26.23321056
G1501	1767	4	1015	33711	119.3966943	26.22899576
G1501	1768	2	1015	33711	119.3966943	26.22899576
G1514	893	3	926	210880	118.1965709	27.45684929
G1514	895	4	926	210880	118.1965709	27.45684929
G1514	894	2	926	210880	118.1965709	27.45684929
G1514	892	1	926	210880	118.1965709	27.45684929
G1514	1818	3	927	208634	118.2176034	27.44955415
G1514	1809	1	927	208634	118.2176034	27.44955415
G1514	968	4	975	209493	118.2093241	27.45209928
G1514	1855	2	975	209493	118.2093241	27.45209928
G1514	1365	2	1113	235500	118.046927	27.50813007
G1514	1362	3	1113	235500	118.046927	27.50813007
G1514	1363	3	1113	235500	118.046927	27.50813007
G1514	1364	1	1113	235500	118.046927	27.50813007
G1514	1367	3	1113	235500	118.046927	27.50813007
G1514	1366	4	1113	235500	118.046927	27.50813007
G1514	1377	3	1115	237270	118.0266211	27.50469628
G1514	1374	1	1115	237270	118.0266211	27.50469628
G1514	1372	3	1115	237270	118.0266211	27.50469628
G1514	1376	4	1115	237270	118.0266211	27.50469628
G1514	1373	3	1115	237270	118.0266211	27.50469628
G1514	1375	2	1115	237270	118.0266211	27.50469628
G1514	1383	3	1116	251750	117.9960763	27.61183338
G1514	1380	1	1116	251750	117.9960763	27.61183338
G1514	1382	4	1116	251750	117.9960763	27.61183338
G1514	1379	3	1116	251750	117.9960763	27.61183338
G1514	1381	2	1116	251750	117.9960763	27.61183338
G1514	1378	3	1116	251750	117.9960763	27.61183338
G1514	983	1	1123	168895	118.557536	27.41071343
G1514	982	4	1123	168895	118.557536	27.41071343
G1514	981	2	1123	168895	118.557536	27.41071343
G1514	984	3	1123	168895	118.557536	27.41071343
G1514	898	1	1136	149840	118.7253568	27.36004346
G1514	899	3	1136	149840	118.7253568	27.36004346
G1514	896	2	1136	149840	118.7253568	27.36004346
G1514	897	4	1136	149840	118.7253568	27.36004346
G1514	903	3	1137	153406	118.6913715	27.3615267
G1514	900	2	1137	153406	118.6913715	27.3615267
G1514	901	4	1137	153406	118.6913715	27.3615267
G1514	902	1	1137	153406	118.6913715	27.3615267
G1514	797	2	1183	72150	119.3237358	27.06779086
G1514	795	1	1183	72150	119.3237358	27.06779086
G1514	1933	1	1183	72150	119.3237358	27.06779086
G1514	796	3	1183	72150	119.3237358	27.06779086
G1514	798	4	1183	72150	119.3237358	27.06779086
G1514	769	4	1184	74200	119.3048356	27.07314612
G1514	768	2	1184	74200	119.3048356	27.07314612
G1514	766	1	1184	74200	119.3048356	27.07314612
G1514	767	3	1184	74200	119.3048356	27.07314612
G1514	909	1	1185	100812	119.0764335	27.14902653
G1514	908	3	1185	100812	119.0764335	27.14902653
G1514	910	4	1185	100812	119.0764335	27.14902653
G1514	911	2	1185	100812	119.0764335	27.14902653
G1514	915	2	1186	124380	118.8950501	27.22590074
G1514	912	3	1186	124380	118.8950501	27.22590074
G1514	913	1	1186	124380	118.8950501	27.22590074
G1514	914	4	1186	124380	118.8950501	27.22590074
G1514	923	1	1187	125606	118.8922829	27.23697845
G1514	920	3	1187	125606	118.8922829	27.23697845
G1514	924	4	1188	126265	118.8885674	27.24193603
G1514	925	2	1188	126265	118.8885674	27.24193603
G1514	721	3	1189	120610	118.9078925	27.1947346
G1514	722	1	1189	120610	118.9078925	27.1947346
G1514	927	1	1190	122264	118.899464	27.20666807
G1514	926	3	1190	122264	118.899464	27.20666807
G1514	931	3	1191	110560	119.0004242	27.16964741
G1514	930	1	1191	110560	119.0004242	27.16964741
G1514	847	4	1191	110560	119.0004242	27.16964741
G1514	846	2	1191	110560	119.0004242	27.16964741
G1514	933	2	1192	122779	118.8983923	27.21135017
G1514	932	4	1192	122779	118.8983923	27.21135017
G1514	886	1	1210	171345	118.5360368	27.42135085
G1514	986	4	1210	171345	118.5360368	27.42135085
G1514	985	2	1210	171345	118.5360368	27.42135085
G1514	887	3	1210	171345	118.5360368	27.42135085
G1514	888	2	1211	206630	118.2376979	27.44740116
G1514	889	4	1211	206630	118.2376979	27.44740116
G1514	890	3	1211	206630	118.2376979	27.44740116
G1514	891	1	1211	206630	118.2376979	27.44740116
G1514	844	3	1254	81035	119.2392114	27.07730796
G1514	843	1	1254	81035	119.2392114	27.07730796
G1514	753	4	1255	81660	119.2361035	27.08217619
G1514	845	2	1255	81660	119.2361035	27.08217619
G1514	754	1	1256	81660	119.2361035	27.08217619
G1514	876	3	1256	81660	119.2361035	27.08217619
G1514	877	2	1257	84300	119.2161665	27.08648886
G1514	878	4	1257	84300	119.2161665	27.08648886
G1514	880	3	1258	84300	119.2161665	27.08648886
G1514	879	1	1258	84300	119.2161665	27.08648886
G1514	771	4	1266	66600	119.3754571	27.05673959
G1514	770	2	1266	66600	119.3754571	27.05673959
G1514	773	3	1267	66600	119.3754571	27.05673959
G1514	772	1	1267	66600	119.3754571	27.05673959
G1514	774	2	1268	68410	119.3588245	27.06262154
G1514	775	4	1268	68410	119.3588245	27.06262154
G1514	777	3	1269	68410	119.3588245	27.06262154
G1514	776	1	1269	68410	119.3588245	27.06262154
G1514	779	3	1270	59065	119.4371919	27.03569832
G1514	778	1	1270	59065	119.4371919	27.03569832
G1514	781	4	1271	58356	119.4441052	27.03609153
G1514	780	2	1271	58356	119.4441052	27.03609153
G1514	787	3	1274	135787	118.8462309	27.31272857
G1514	786	1	1274	135787	118.8462309	27.31272857
G1514	788	3	1275	136269	118.8431446	27.31619709
G1514	789	1	1275	136269	118.8431446	27.31619709
G1514	916	3	1276	97945	119.0923016	27.12782585
G1514	918	4	1276	97945	119.0923016	27.12782585
G1514	917	1	1276	97945	119.0923016	27.12782585
G1514	919	2	1276	97945	119.0923016	27.12782585
G1514	790	1	1277	93613	119.128071	27.10308162
G1514	791	3	1277	93613	119.128071	27.10308162
G1514	707	3	1278	96423	119.1050949	27.12007028
G1514	708	1	1278	96423	119.1050949	27.12007028
G1514	825	1	1283	36769	119.6141094	27.05963346
G1514	826	3	1283	36769	119.6141094	27.05963346
G1514	828	4	1284	36094	119.6205753	27.06148391
G1514	827	2	1284	36094	119.6205753	27.06148391
G1514	832	2	1285	13045	119.6701766	26.91979642
G1514	830	1	1285	13045	119.6701766	26.91979642
G1514	829	3	1285	13045	119.6701766	26.91979642
G1514	831	4	1285	13045	119.6701766	26.91979642
G1514	833	3	1286	16930	119.6800467	26.95230474
G1514	836	2	1286	16930	119.6800467	26.95230474
G1514	835	4	1286	16930	119.6800467	26.95230474
G1514	834	1	1286	16930	119.6800467	26.95230474
G1514	838	1	1287	27350	119.6787895	27.03283876
G1514	839	4	1287	27350	119.6787895	27.03283876
G1514	840	2	1287	27350	119.6787895	27.03283876
G1514	837	3	1287	27350	119.6787895	27.03283876
G1514	842	4	1288	81035	119.2392114	27.07730796
G1514	841	2	1288	81035	119.2392114	27.07730796
G1514	881	1	1309	29860	119.676312	27.05141905
G1514	884	4	1309	29860	119.676312	27.05141905
G1514	882	3	1309	29860	119.676312	27.05141905
G1514	883	2	1309	29860	119.676312	27.05141905
G1514	794	4	1310	44400	119.5505548	27.04264533
G1514	793	2	1310	44400	119.5505548	27.04264533
G1514	885	1	1310	44400	119.5505548	27.04264533
G1514	792	3	1310	44400	119.5505548	27.04264533
G1514	638	4	1316	274000	118.0055452	27.77446986
G1514	637	1	1316	274000	118.0055452	27.77446986
G1514	636	3	1316	274000	118.0055452	27.77446986
G1514	639	2	1316	274000	118.0055452	27.77446986
G1514	641	2	1317	274200	118.003821	27.77546679
G1514	640	4	1317	274200	118.003821	27.77546679
G1514	642	3	1318	282000	117.9425666	27.81542375
G1514	643	1	1318	282000	117.9425666	27.81542375
G1514	645	2	1319	282200	117.9406602	27.815823
G1514	644	4	1319	282200	117.9406602	27.815823
G1514	649	2	1320	286000	117.9124574	27.83763118
G1514	646	3	1320	286000	117.9124574	27.83763118
G1514	648	4	1320	286000	117.9124574	27.83763118
G1514	647	1	1320	286000	117.9124574	27.83763118
G1514	650	3	1321	294000	117.8760606	27.89949637
G1514	651	1	1321	294000	117.8760606	27.89949637
G1514	652	3	1322	295500	117.8668025	27.91031044
G1514	654	4	1322	295500	117.8668025	27.91031044
G1514	653	1	1322	295500	117.8668025	27.91031044
G1514	563	2	1322	295500	117.8668025	27.91031044
G1514	565	1	1323	284000	117.9247961	27.82300999
G1514	564	3	1323	284000	117.9247961	27.82300999
G1514	566	4	1324	285000	117.9174766	27.82939863
G1514	567	2	1324	285000	117.9174766	27.82939863
G1514	569	1	1325	296000	117.863298	27.91376031
G1514	568	3	1325	296000	117.863298	27.91376031
G1514	571	1	1326	297000	117.8562489	27.92063156
G1514	570	3	1326	297000	117.8562489	27.92063156
G1514	573	2	1327	296500	117.8597737	27.91719826
G1514	572	4	1327	296500	117.8597737	27.91719826
G1514	575	2	1328	297500	117.8527232	27.92405493
G1514	574	4	1328	297500	117.8527232	27.92405493
G1514	710	2	1364	93705	119.1272981	27.10361073
G1514	709	4	1364	93705	119.1272981	27.10361073
G1514	712	2	1365	96894	119.1010614	27.12266139
G1514	711	4	1365	96894	119.1010614	27.12266139
G1514	975	1	1366	162205	118.6160092	27.38258692
G1514	973	2	1366	162205	118.6160092	27.38258692
G1514	974	4	1366	162205	118.6160092	27.38258692
G1514	976	3	1366	162205	118.6160092	27.38258692
G1514	979	4	1367	166715	118.5764606	27.4008856
G1514	980	2	1367	166715	118.5764606	27.4008856
G1514	978	3	1367	166715	118.5764606	27.4008856
G1514	977	1	1367	166715	118.5764606	27.4008856
G1514	904	3	1368	99782	119.0840639	27.14268345
G1514	907	2	1368	99782	119.0840639	27.14268345
G1514	906	4	1368	99782	119.0840639	27.14268345
G1514	905	1	1368	99782	119.0840639	27.14268345
G1514	921	3	1369	116020	118.9491128	27.17908247
G1514	929	2	1369	116020	118.9491128	27.17908247
G1514	928	4	1369	116020	118.9491128	27.17908247
G1514	922	1	1369	116020	118.9491128	27.17908247
G1514	714	1	1370	117785	118.9324667	27.18489737
G1514	713	3	1370	117785	118.9324667	27.18489737
G1514	716	4	1371	118409	118.926828	27.18685621
G1514	715	2	1371	118409	118.926828	27.18685621
G1514	720	4	1372	141898	118.7910652	27.33210917
G1514	719	2	1372	141898	118.7910652	27.33210917
G1514	717	1	1372	141898	118.7910652	27.33210917
G1514	718	3	1372	141898	118.7910652	27.33210917
G1514	723	2	1373	186050	118.4174092	27.47409962
G1514	726	3	1373	186050	118.4174092	27.47409962
G1514	724	4	1373	186050	118.4174092	27.47409962
G1514	725	1	1373	186050	118.4174092	27.47409962
G1514	969	2	1374	196560	118.3287076	27.42662838
G1514	970	4	1374	196560	118.3287076	27.42662838
G1514	971	1	1374	196560	118.3287076	27.42662838
G1514	972	3	1374	196560	118.3287076	27.42662838
G1514	322	2	1396	1787	119.7138417	26.84033552
G1514	398	3	1396	1787	119.7138417	26.84033552
G1514	321	4	1396	1787	119.7138417	26.84033552
G1514	399	1	1396	1787	119.7138417	26.84033552
S35	1225	4	1128	39610	118.9271271	25.8462726
S35	1226	5	1128	39610	118.9271271	25.8462726
S35	1227	6	1128	39610	118.9271271	25.8462726
S35	1222	1	1128	39610	118.9271271	25.8462726
S35	1223	2	1128	39610	118.9271271	25.8462726
S35	1224	3	1128	39610	118.9271271	25.8462726
S35	1217	1	1174	51400	118.849246	25.77071261
S35	813	3	1174	51400	118.849246	25.77071261
S35	815	5	1174	51400	118.849246	25.77071261
S35	1001	2	1214	80930	118.7175376	25.57257259
S35	992	4	1214	80930	118.7175376	25.57257259
S35	991	1	1214	80930	118.7175376	25.57257259
S35	988	3	1214	80930	118.7175376	25.57257259
S35	371	6	1214	80930	118.7175376	25.57257259
S35	682	5	1214	80930	118.7175376	25.57257259
S35	497	3	1219	82410	118.7105947	25.56122492
S35	372	5	1219	82410	118.7105947	25.56122492
S35	989	1	1219	82410	118.7105947	25.56122492
S35	659	2	1219	82410	118.7105947	25.56122492
S35	373	6	1219	82410	118.7105947	25.56122492
S35	498	4	1219	82410	118.7105947	25.56122492
S35	661	1	1353	167000	118.2571229	25.05478107
S35	663	5	1353	167000	118.2571229	25.05478107
S35	662	3	1353	167000	118.2571229	25.05478107
S35	668	3	1354	173000	118.2064675	25.03757461
S35	669	5	1354	173000	118.2064675	25.03757461
S35	667	1	1354	173000	118.2064675	25.03757461
S35	672	5	1355	174000	118.1982227	25.03355847
S35	670	1	1355	174000	118.1982227	25.03355847
S35	671	3	1355	174000	118.1982227	25.03355847
S35	673	2	1356	175000	118.1887358	25.03522178
S35	674	4	1356	175000	118.1887358	25.03522178
S35	675	6	1356	175000	118.1887358	25.03522178
S35	676	2	1357	176000	118.1795614	25.03904634
S35	677	4	1357	176000	118.1795614	25.03904634
S35	678	6	1357	176000	118.1795614	25.03904634
S35	679	1	1358	181000	118.1286042	25.05332968
S35	684	2	1358	181000	118.1286042	25.05332968
S35	686	6	1358	181000	118.1286042	25.05332968
S35	681	5	1358	181000	118.1286042	25.05332968
S35	685	4	1358	181000	118.1286042	25.05332968
S35	680	3	1358	181000	118.1286042	25.05332968
S35	691	4	1359	181100	118.1276303	25.05322898
S35	689	5	1359	181100	118.1276303	25.05322898
S35	690	2	1359	181100	118.1276303	25.05322898
S35	687	1	1359	181100	118.1276303	25.05322898
S35	692	6	1359	181100	118.1276303	25.05322898
S35	688	3	1359	181100	118.1276303	25.05322898
S35	1219	4	1383	31150	119.0006042	25.86282623
S35	1221	6	1383	31150	119.0006042	25.86282623
S35	1220	5	1383	31150	119.0006042	25.86282623
S35	1218	3	1383	31150	119.0006042	25.86282623
S35	1764	1	1383	31150	119.0006042	25.86282623
S35	1765	2	1383	31150	119.0006042	25.86282623
S35	415	4	1397	110750	118.6255205	25.34047992
S35	414	3	1397	110750	118.6255205	25.34047992
S35	413	2	1397	110750	118.6255205	25.34047992
S35	412	1	1397	110750	118.6255205	25.34047992
S35	499	1	1413	71300	118.7354242	25.65005754
S35	502	4	1413	71300	118.7354242	25.65005754
S35	501	3	1413	71300	118.7354242	25.65005754
S35	380	5	1413	71300	118.7354242	25.65005754
S35	500	2	1413	71300	118.7354242	25.65005754
S35	381	6	1413	71300	118.7354242	25.65005754
S35	504	2	1414	85250	118.7128579	25.5360609
S35	503	1	1414	85250	118.7128579	25.5360609
S35	506	4	1414	85250	118.7128579	25.5360609
S35	505	3	1414	85250	118.7128579	25.5360609
S35	374	5	1414	85250	118.7128579	25.5360609
S35	375	6	1414	85250	118.7128579	25.5360609
S35	376	5	1415	98430	118.6836699	25.43235716
S35	508	2	1415	98430	118.6836699	25.43235716
S35	509	3	1415	98430	118.6836699	25.43235716
S35	507	1	1415	98430	118.6836699	25.43235716
S35	510	4	1415	98430	118.6836699	25.43235716
S35	377	6	1415	98430	118.6836699	25.43235716
S35	379	6	1416	101787	118.6698571	25.40521159
S35	378	5	1416	101787	118.6698571	25.40521159
S35	511	1	1416	101787	118.6698571	25.40521159
S35	512	2	1416	101787	118.6698571	25.40521159
S35	514	4	1416	101787	118.6698571	25.40521159
S35	513	3	1416	101787	118.6698571	25.40521159
S35	408	1	1417	108747	118.6399715	25.35268305
S35	410	3	1417	108747	118.6399715	25.35268305
S35	409	2	1417	108747	118.6399715	25.35268305
S35	411	4	1417	108747	118.6399715	25.35268305
S35	152	2	1455	16076	119.1294849	25.90430885
S35	154	6	1455	16076	119.1294849	25.90430885
S35	153	4	1455	16076	119.1294849	25.90430885
S35	155	1	1456	34950	118.9711809	25.84173266
S35	156	3	1456	34950	118.9711809	25.84173266
S35	157	5	1456	34950	118.9711809	25.84173266
S35	159	3	1457	7090	119.2103611	25.92562535
S35	160	5	1457	7090	119.2103611	25.92562535
S35	158	1	1457	7090	119.2103611	25.92562535
S35	161	2	1458	9334	119.1911089	25.91632123
S35	162	4	1458	9334	119.1911089	25.91632123
S35	163	6	1458	9334	119.1911089	25.91632123
S35	166	6	1459	57200	118.8016986	25.74470601
S35	165	4	1459	57200	118.8016986	25.74470601
S35	164	2	1459	57200	118.8016986	25.74470601
S35	247	4	1474	60500	118.7750484	25.72823196
S35	249	6	1474	60500	118.7750484	25.72823196
S35	248	5	1474	60500	118.7750484	25.72823196
S35	246	3	1474	60500	118.7750484	25.72823196
S35	245	2	1474	60500	118.7750484	25.72823196
S35	244	1	1474	60500	118.7750484	25.72823196
S35	252	5	1475	41930	118.9089308	25.83441028
S35	251	3	1475	41930	118.9089308	25.83441028
S35	250	1	1475	41930	118.9089308	25.83441028
S35	253	1	1476	16703	119.1237474	25.90297411
S35	150	3	1476	16703	119.1237474	25.90297411
S35	151	5	1476	16703	119.1237474	25.90297411
S35	666	6	45593	2650	119.2313529	25.96024283
S35	664	2	45593	2650	119.2313529	25.96024283
S35	665	4	45593	2650	119.2313529	25.96024283
G3	1452	1	995	1546720	118.5112699	28.24913264
G3	1451	3	995	1546720	118.5112699	28.24913264
G3	1453	3	996	1548840	118.5189145	28.23118732
G3	1454	1	996	1548840	118.5189145	28.23118732
G3	1455	4	997	1550600	118.5241135	28.21544137
G3	1456	2	997	1550600	118.5241135	28.21544137
G3	1457	4	998	1548903	118.5191308	28.23063307
G3	1314	2	998	1548903	118.5191308	28.23063307
G3	1465	3	999	1555160	118.5535483	28.18903215
G3	1466	1	999	1555160	118.5535483	28.18903215
G3	1467	3	1000	1556096	118.560576	28.18387855
G3	1468	1	1000	1556096	118.560576	28.18387855
G3	1469	4	1001	1557000	118.5655611	28.17714595
G3	1470	2	1001	1557000	118.5655611	28.17714595
G3	1471	4	1002	1556073	118.5604214	28.18403101
G3	1472	2	1002	1556073	118.5604214	28.18403101
G3	1474	1	1003	1572250	118.517894	28.05385357
G3	1475	4	1003	1572250	118.517894	28.05385357
G3	1473	3	1003	1572250	118.517894	28.05385357
G3	1476	2	1003	1572250	118.517894	28.05385357
G3	1478	1	1004	1589953	118.5121034	27.89965453
G3	1479	4	1004	1589953	118.5121034	27.89965453
G3	1480	2	1004	1589953	118.5121034	27.89965453
G3	1477	3	1004	1589953	118.5121034	27.89965453
G3	1481	3	1005	1591050	118.5142754	27.88955266
G3	1483	4	1005	1591050	118.5142754	27.88955266
G3	1482	1	1005	1591050	118.5142754	27.88955266
G3	1484	2	1005	1591050	118.5142754	27.88955266
G3	1486	1	1006	1597720	118.4895456	27.83660826
G3	1485	3	1006	1597720	118.4895456	27.83660826
G3	1487	3	1007	1598858	118.485037	27.82688878
G3	1488	1	1007	1598858	118.485037	27.82688878
G3	1489	4	1008	1599840	118.4780962	27.82100088
G3	1490	2	1008	1599840	118.4780962	27.82100088
G3	1491	4	1009	1598774	118.4854764	27.82754703
G3	1396	2	1009	1598774	118.4854764	27.82754703
G3	1397	3	1010	1610250	118.398733	27.77110481
G3	1398	1	1010	1610250	118.398733	27.77110481
G3	1400	2	1011	1611590	118.3875716	27.76557856
G3	1399	4	1011	1611590	118.3875716	27.76557856
G3	1401	3	1012	1616305	118.3743983	27.72397548
G3	1404	2	1012	1616305	118.3743983	27.72397548
G3	1402	1	1012	1616305	118.3743983	27.72397548
G3	1403	4	1012	1616305	118.3743983	27.72397548
G3	1408	2	1013	1617595	118.3695152	27.71290575
G3	1406	1	1013	1617595	118.3695152	27.71290575
G3	1407	4	1013	1617595	118.3695152	27.71290575
G3	1405	3	1013	1617595	118.3695152	27.71290575
G3	1315	4	1077	1723730	118.3220743	27.09788824
G3	1316	2	1077	1723730	118.3220743	27.09788824
G3	1317	3	1078	1722150	118.3071669	27.09875729
G3	1318	1	1078	1722150	118.3071669	27.09875729
G3	1427	1	1104	1630350	118.3080591	27.67291472
G3	1426	3	1104	1630350	118.3080591	27.67291472
G3	1429	1	1105	1631750	118.295828	27.66784815
G3	1428	3	1105	1631750	118.295828	27.66784815
G3	1431	1	1106	1633150	118.2835969	27.66278158
G3	1430	3	1106	1633150	118.2835969	27.66278158
G3	1432	4	1107	1635350	118.2684798	27.64978323
G3	1433	2	1107	1635350	118.2684798	27.64978323
G3	1434	4	1108	1633150	118.2835969	27.66278158
G3	1435	2	1108	1633150	118.2835969	27.66278158
G3	1437	2	1109	1631650	118.2967017	27.66821005
G3	1436	4	1109	1631650	118.2967017	27.66821005
G3	1439	1	1110	1645550	118.2067615	27.58124527
G3	1440	4	1110	1645550	118.2067615	27.58124527
G3	1438	3	1110	1645550	118.2067615	27.58124527
G3	1351	2	1110	1645550	118.2067615	27.58124527
G3	1352	3	1111	1662550	118.0794949	27.49361375
G3	1355	2	1111	1662550	118.0794949	27.49361375
G3	1353	1	1111	1662550	118.0794949	27.49361375
G3	1354	4	1111	1662550	118.0794949	27.49361375
G3	1361	3	1112	1665000	118.0626789	27.47946857
G3	1360	4	1112	1665000	118.0626789	27.47946857
G3	1356	3	1112	1665000	118.0626789	27.47946857
G3	1357	3	1112	1665000	118.0626789	27.47946857
G3	1358	1	1112	1665000	118.0626789	27.47946857
G3	1359	2	1112	1665000	118.0626789	27.47946857
G3	1368	3	1114	1694000	118.1228942	27.24223473
G3	1369	1	1114	1694000	118.1228942	27.24223473
G3	1370	4	1114	1694000	118.1228942	27.24223473
G3	1371	2	1114	1694000	118.1228942	27.24223473
G3	1341	1	1175	1706650	118.19765	27.15986032
G3	1340	4	1175	1706650	118.19765	27.15986032
G3	1339	2	1175	1706650	118.19765	27.15986032
G3	1342	3	1175	1706650	118.19765	27.15986032
G3	2155	4	45565	19800	118.4777861	28.29180106
G3	2154	2	45565	19800	118.4777861	28.29180106
G3	2156	1	45565	19800	118.4777861	28.29180106
G3	2157	3	45565	19800	118.4777861	28.29180106
G25	1852	3	958	3098500	116.974718	25.68034512
G25	1754	4	958	3098500	116.974718	25.68034512
G25	1753	1	958	3098500	116.974718	25.68034512
G25	1755	2	958	3098500	116.974718	25.68034512
G25	1758	2	959	3139600	116.693294	25.52781738
G25	1757	4	959	3139600	116.693294	25.52781738
G25	1853	3	959	3139600	116.693294	25.52781738
G25	1756	1	959	3139600	116.693294	25.52781738
G25	1759	3	960	3110030	116.8661055	25.67573981
G25	1760	1	960	3110030	116.8661055	25.67573981
G25	1854	1	961	3121500	116.7671903	25.65834974
G25	1761	3	961	3121500	116.7671903	25.65834974
G25	1762	4	961	3121500	116.7671903	25.65834974
G25	1763	2	961	3121500	116.7671903	25.65834974
G25	1807	2	970	3078000	117.1411418	25.76208406
G25	1806	3	970	3078000	117.1411418	25.76208406
G25	1808	4	970	3078000	117.1411418	25.76208406
G25	1805	1	970	3078000	117.1411418	25.76208406
G25	1810	1	971	3084120	117.0899953	25.7346213
G25	1811	3	971	3084120	117.0899953	25.7346213
G25	1813	4	972	3084150	117.0897982	25.73442316
G25	1812	2	972	3084150	117.0897982	25.73442316
G25	1815	3	973	3087400	117.064144	25.71858818
G25	1814	1	973	3087400	117.064144	25.71858818
G25	1816	2	974	3087900	117.0599053	25.71667777
G25	1817	4	974	3087900	117.0599053	25.71667777
G25	1819	1	976	3065860	117.2248014	25.82905868
G25	1820	3	976	3065860	117.2248014	25.82905868
G25	1821	1	977	3064160	117.2391983	25.83722363
G25	1822	3	977	3064160	117.2391983	25.83722363
G25	1824	4	978	3066150	117.2224252	25.82754373
G25	1823	2	978	3066150	117.2224252	25.82754373
G25	1826	4	979	3064280	117.2380685	25.8369132
G25	1825	2	979	3064280	117.2380685	25.8369132
G25	1828	1	980	3102100	116.9428476	25.67229776
G25	1827	3	980	3102100	116.9428476	25.67229776
G25	1830	1	981	3102952	116.9343716	25.67255092
G25	1829	3	981	3102952	116.9343716	25.67255092
G25	1832	2	982	3103600	116.9279134	25.67269779
G25	1831	4	982	3103600	116.9279134	25.67269779
G25	1834	2	983	3102100	116.9428476	25.67229776
G25	1833	4	983	3102100	116.9428476	25.67229776
G25	1836	1	984	3106500	116.8993444	25.67219258
G25	1835	3	984	3106500	116.8993444	25.67219258
G25	1838	1	985	3107500	116.8895135	25.67177668
G25	1837	3	985	3107500	116.8895135	25.67177668
G25	1840	1	986	3108500	116.8796844	25.67136608
G25	1839	3	986	3108500	116.8796844	25.67136608
G25	1841	2	987	3109100	116.8737869	25.67111878
G25	1766	4	987	3109100	116.8737869	25.67111878
G25	1843	2	988	3106500	116.8993444	25.67219258
G25	1842	4	988	3106500	116.8993444	25.67219258
G25	1844	4	989	3107500	116.8895135	25.67177668
G25	1845	2	989	3107500	116.8895135	25.67177668
G25	1847	2	990	3108500	116.8796844	25.67136608
G25	1846	4	990	3108500	116.8796844	25.67136608
G25	1553	2	1042	2999010	117.58302	26.26447914
G25	1552	4	1042	2999010	117.58302	26.26447914
G25	1555	1	1043	2990860	117.6434939	26.31062958
G25	1554	3	1043	2990860	117.6434939	26.31062958
G25	1565	1	1046	3038940	117.3702938	26.01646504
G25	1567	2	1046	3038940	117.3702938	26.01646504
G25	1566	4	1046	3038940	117.3702938	26.01646504
G25	1564	3	1046	3038940	117.3702938	26.01646504
G25	1570	4	1047	3002180	117.5621058	26.24562761
G25	1568	3	1047	3002180	117.5621058	26.24562761
G25	1571	2	1047	3002180	117.5621058	26.24562761
G25	1569	1	1047	3002180	117.5621058	26.24562761
G25	1572	3	1048	3042570	117.3468953	25.99227248
G25	1573	1	1048	3042570	117.3468953	25.99227248
G25	1575	2	1049	3044120	117.3365314	25.98167429
G25	1574	4	1049	3044120	117.3365314	25.98167429
G25	1577	2	1050	3042500	117.3473408	25.99275957
G25	1576	4	1050	3042500	117.3473408	25.99275957
G25	1319	4	1079	2866420	118.3368165	26.99464126
G25	1320	2	1079	2866420	118.3368165	26.99464126
G25	1322	1	1080	2864240	118.3330627	27.01308345
G25	1321	3	1080	2864240	118.3330627	27.01308345
G25	1324	2	1081	2868000	118.3401898	26.98138376
G25	1323	4	1081	2868000	118.3401898	26.98138376
G25	1326	1	1082	2868000	118.3401898	26.98138376
G25	1325	3	1082	2868000	118.3401898	26.98138376
G25	1327	4	1083	2875000	118.3268435	26.92483494
G25	1328	2	1083	2875000	118.3268435	26.92483494
G25	1330	1	1084	2875000	118.3268435	26.92483494
G25	1329	3	1084	2875000	118.3268435	26.92483494
G25	1331	4	1085	2905410	118.213214	26.70356579
G25	1332	2	1085	2905410	118.213214	26.70356579
G25	1333	3	1086	2902830	118.2335777	26.71249137
G25	1334	1	1086	2902830	118.2335777	26.71249137
G25	1335	4	1087	2912030	118.1603062	26.6785563
G25	1336	2	1087	2912030	118.1603062	26.6785563
G25	1338	1	1088	2909980	118.1790635	26.68442063
G25	1337	3	1088	2909980	118.1790635	26.68442063
G25	1345	1	1176	2860900	118.352647	27.04897897
G25	1344	4	1176	2860900	118.352647	27.04897897
G25	1346	3	1176	2860900	118.352647	27.04897897
G25	1343	2	1176	2860900	118.352647	27.04897897
G25	1350	3	1177	2894600	118.2542185	26.77768478
G25	1349	1	1177	2894600	118.2542185	26.77768478
G25	1347	2	1177	2894600	118.2542185	26.77768478
G25	1348	4	1177	2894600	118.2542185	26.77768478
G25	1252	1	1178	2893030	118.2612998	26.79062841
G25	1253	3	1178	2893030	118.2612998	26.79062841
G25	1251	4	1178	2893030	118.2612998	26.79062841
G25	1250	2	1178	2893030	118.2612998	26.79062841
G25	1238	2	1181	2922820	118.1275098	26.58937282
G25	1232	1	1181	2922820	118.1275098	26.58937282
G25	1239	4	1181	2922820	118.1275098	26.58937282
G25	1233	3	1181	2922820	118.1275098	26.58937282
G25	941	2	1193	3202260	116.4043327	25.07768861
G25	848	3	1193	3202260	116.4043327	25.07768861
G25	940	4	1193	3202260	116.4043327	25.07768861
G25	849	1	1193	3202260	116.4043327	25.07768861
G25	850	3	1194	3202110	116.4056561	25.07831545
G25	943	2	1194	3202110	116.4056561	25.07831545
G25	851	1	1194	3202110	116.4056561	25.07831545
G25	942	4	1194	3202110	116.4056561	25.07831545
G25	852	3	1195	3240900	116.2262772	24.87745814
G25	945	2	1195	3240900	116.2262772	24.87745814
G25	853	1	1195	3240900	116.2262772	24.87745814
G25	944	4	1195	3240900	116.2262772	24.87745814
G25	855	1	1196	3240122	116.2261025	24.88448323
G25	946	4	1196	3240122	116.2261025	24.88448323
G25	947	2	1196	3240122	116.2261025	24.88448323
G25	854	3	1196	3240122	116.2261025	24.88448323
G25	857	1	1197	3233910	116.2268905	24.93750179
G25	856	3	1197	3233910	116.2268905	24.93750179
G25	858	3	1198	3233560	116.2268404	24.940593
G25	859	1	1198	3233560	116.2268404	24.940593
G25	861	1	1199	3233278	116.2268003	24.94308415
G25	860	3	1199	3233278	116.2268003	24.94308415
G25	863	2	1200	3233733	116.2268652	24.93906506
G25	862	4	1200	3233733	116.2268652	24.93906506
G25	1085	2	1212	2840000	118.5387446	27.09965712
G25	1084	1	1212	2840000	118.5387446	27.09965712
G25	1087	3	1213	2843000	118.515845	27.08686064
G25	1088	2	1213	2843000	118.515845	27.08686064
G25	1089	4	1213	2843000	118.515845	27.08686064
G25	1086	1	1213	2843000	118.515845	27.08686064
G25	1051	4	1226	2762000	118.8743683	27.58965368
G25	1049	3	1226	2762000	118.8743683	27.58965368
G25	1050	2	1226	2762000	118.8743683	27.58965368
G25	1048	1	1226	2762000	118.8743683	27.58965368
G25	1053	3	1227	2778100	118.7604186	27.50450643
G25	1052	1	1227	2778100	118.7604186	27.50450643
G25	1055	4	1227	2778100	118.7604186	27.50450643
G25	1054	2	1227	2778100	118.7604186	27.50450643
G25	1056	1	1228	2792500	118.688165	27.42535928
G25	1057	2	1228	2792500	118.688165	27.42535928
G25	1058	1	1229	2792050	118.6857063	27.42880009
G25	1059	2	1229	2792050	118.6857063	27.42880009
G25	1064	1	1230	2811000	118.6962442	27.27672555
G25	1062	3	1230	2811000	118.6962442	27.27672555
G25	1065	2	1230	2811000	118.6962442	27.27672555
G25	1063	4	1230	2811000	118.6962442	27.27672555
G25	1069	2	1231	2813050	118.6866204	27.26022456
G25	1068	1	1231	2813050	118.6866204	27.26022456
G25	1067	2	1232	2813000	118.6866896	27.26067574
G25	1066	1	1232	2813000	118.6866896	27.26067574
G25	1070	1	1233	2817900	118.6790359	27.21742064
G25	1073	2	1233	2817900	118.6790359	27.21742064
G25	1071	2	1233	2817900	118.6790359	27.21742064
G25	1072	1	1233	2817900	118.6790359	27.21742064
G25	1077	2	1234	2833000	118.6051822	27.11607862
G25	1075	2	1234	2833000	118.6051822	27.11607862
G25	1076	1	1234	2833000	118.6051822	27.11607862
G25	1074	1	1234	2833000	118.6051822	27.11607862
G25	1078	1	1235	2835500	118.5812712	27.1098999
G25	1080	1	1235	2835500	118.5812712	27.1098999
G25	1081	2	1235	2835500	118.5812712	27.1098999
G25	1079	2	1235	2835500	118.5812712	27.1098999
G25	1083	2	1236	2838000	118.557378	27.10633583
G25	1082	1	1236	2838000	118.557378	27.10633583
G25	865	2	1289	3233206	116.2267905	24.94372097
G25	864	4	1289	3233206	116.2267905	24.94372097
G25	866	4	1290	3233243	116.2267955	24.94339372
G25	867	2	1290	3233243	116.2267955	24.94339372
G25	868	3	1291	3197441	116.4195826	25.11623148
G25	1003	1	1291	3197441	116.4195826	25.11623148
G25	1004	3	1292	3197987	116.420242	25.11131774
G25	1006	1	1292	3197987	116.420242	25.11131774
G25	1009	2	1293	3197330	116.4194494	25.11723269
G25	1007	4	1293	3197330	116.4194494	25.11723269
G25	1012	2	1294	3197715	116.4199108	25.11376213
G25	1010	4	1294	3197715	116.4199108	25.11376213
G25	1015	1	1295	3186555	116.4621444	25.19957181
G25	1013	3	1295	3186555	116.4621444	25.19957181
G25	1018	1	1296	3186199	116.4621656	25.20278449
G25	1016	3	1296	3186199	116.4621656	25.20278449
G25	1022	1	1297	3186930	116.4621259	25.19618503
G25	1019	3	1297	3186930	116.4621259	25.19618503
G25	1024	2	1298	3186930	116.4621259	25.19618503
G25	1023	4	1298	3186930	116.4621259	25.19618503
G25	1028	2	1299	3186689	116.4621378	25.1983616
G25	1025	4	1299	3186689	116.4621378	25.1983616
G25	1030	2	1300	3186837	116.4621305	25.19702495
G25	1029	4	1300	3186837	116.4621305	25.19702495
G25	1031	3	1301	3166473	116.5749154	25.33188085
G25	1033	1	1301	3166473	116.5749154	25.33188085
G25	1035	2	1302	3166738	116.572528	25.3309019
G25	1034	4	1302	3166738	116.572528	25.3309019
G25	1037	1	1303	3165646	116.5824996	25.33455341
G25	1036	3	1303	3165646	116.5824996	25.33455341
G25	1039	2	1304	3165290	116.58596	25.33478613
G25	1038	4	1304	3165290	116.58596	25.33478613
G25	937	2	1305	3184110	116.4656366	25.22108182
G25	934	3	1305	3184110	116.4656366	25.22108182
G25	935	1	1305	3184110	116.4656366	25.22108182
G25	936	4	1305	3184110	116.4656366	25.22108182
G25	949	1	1306	3160150	116.6174311	25.36083473
G25	951	2	1306	3160150	116.6174311	25.36083473
G25	950	4	1306	3160150	116.6174311	25.36083473
G25	948	3	1306	3160150	116.6174311	25.36083473
G25	631	3	1352	2973500	117.7708428	26.39670591
G25	576	2	1352	2973500	117.7708428	26.39670591
G25	635	4	1352	2973500	117.7708428	26.39670591
G25	632	1	1352	2973500	117.7708428	26.39670591
G25	1935	1	45473	3012660	117.4758547	26.20548621
G25	1934	3	45473	3012660	117.4758547	26.20548621
G25	1937	2	45473	3012660	117.4758547	26.20548621
G25	1936	4	45473	3012660	117.4758547	26.20548621
G25	1940	4	45474	3004240	117.5420326	26.24636085
G25	1939	1	45474	3004240	117.5420326	26.24636085
G25	1941	2	45474	3004240	117.5420326	26.24636085
G25	1938	3	45474	3004240	117.5420326	26.24636085
G25	1942	3	45475	3041420	117.3545722	25.99976908
G25	1943	1	45475	3041420	117.3545722	25.99976908
G25	1945	1	45476	2995910	117.6045855	26.28262328
G25	1944	3	45476	2995910	117.6045855	26.28262328
G25	1947	1	45477	2996980	117.5969136	26.27652931
G25	1946	3	45477	2996980	117.5969136	26.27652931
G25	1948	4	45478	2997670	117.5914159	26.27322273
G25	1949	2	45478	2997670	117.5914159	26.27322273
G25	1951	1	45479	2991590	117.638083	26.30611757
G25	1950	3	45479	2991590	117.638083	26.30611757
G25	1952	3	45480	2992850	117.6284301	26.29863995
G25	1953	1	45480	2992850	117.6284301	26.29863995
G25	1955	2	45481	2994720	117.6138086	26.28881932
G25	1954	4	45481	2994720	117.6138086	26.28881932
G25	1956	4	45482	2993500	117.623566	26.29480358
G25	1957	2	45482	2993500	117.623566	26.29480358
G25	1959	2	45483	2992310	117.6325671	26.30184464
G25	1958	4	45483	2992310	117.6325671	26.30184464
G25	2153	1	45564	19800	118.9030448	27.65194657
G25	2152	3	45564	19800	118.9030448	27.65194657
G25	1060	1	45594	114820	118.9030448	27.65194657
G25	1061	2	45594	114820	118.9030448	27.65194657
